0	7026
4	4388
5	4582
10	18464
11	6431
12	14667
13	17303
15	14433
22	1317
25	9422
26	18188
28	19773
33	12202
36	5328
37	3202
39	8722
47	14206
56	856
58	15151
64	12309
65	4726
71	7431
75	10698
79	6965
82	1186
90	8751
92	11315
94	18706
95	16650
102	12664
104	14152
119	13638
122	11664
135	8399
136	8736
138	18227
156	1356
168	2552
177	1210
180	11147
190	19733
195	11424
197	4844
211	3655
212	1139
222	6865
224	19507
225	2680
231	12163
236	7174
240	11127
246	11919
250	12755
251	11590
256	9988
262	19037
266	9071
271	15294
272	278
275	6291
280	445
281	238
282	4959
290	1455
305	4948
307	271
311	18546
313	13563
316	16340
328	6361
330	6457
336	10366
337	12543
346	1786
348	3394
351	6407
353	12983
356	4872
363	7386
364	7927
372	11823
375	7610
376	14581
378	3601
379	2393
382	11751
383	5006
387	724
389	17184
390	13700
401	18286
409	2183
410	10861
413	17388
416	15545
417	2200
418	13730
426	17267
427	689
432	9170
439	951
442	3801
444	7054
454	16981
462	16990
463	13585
467	11075
469	3485
470	3852
482	18346
487	19692
489	19083
499	13382
500	2039
502	3995
505	17375
506	16678
508	19312
516	5043
518	6353
526	17930
528	6254
532	12619
535	512
538	2733
546	12040
553	17732
559	8611
566	11037
572	3347
575	8245
576	8009
580	11668
586	344
592	17053
597	2065
599	15234
602	1755
607	6776
610	3471
618	5207
623	764
625	1333
635	14172
642	13536
651	6463
655	10693
656	10762
669	19203
700	1444
701	18029
703	13888
705	9914
714	6479
727	8849
729	16108
730	1290
732	5394
733	19160
734	11146
736	18014
737	5999
738	2479
740	15770
741	15872
747	382
748	12715
751	6147
754	13294
755	17497
758	6356
760	4336
761	14354
765	11950
768	8403
781	15844
782	1439
788	8924
792	760
802	13422
803	12044
805	3185
807	16541
809	18028
810	10845
816	6904
821	10295
827	7574
828	15704
830	7854
831	9635
832	14684
833	15070
835	1311
849	5440
851	8518
853	12479
855	14604
858	4251
862	3930
864	4873
867	7925
883	19534
884	5410
892	18136
893	3305
908	9146
910	6569
915	13632
924	7655
930	2281
937	1799
940	8871
941	10465
950	7831
951	13167
961	16581
962	2686
966	3646
967	6453
973	19003
979	8653
987	3254
988	1057
991	471
996	4778
1002	128
1006	4494
1009	6682
1012	1534
1023	8240
1028	1194
1030	5263
1035	17533
1036	13250
1054	15346
1061	8122
1063	11325
1064	16348
1065	16021
1067	15967
1076	12215
1078	9419
1079	10700
1082	19701
1090	9797
1091	12082
1096	12183
1100	4334
1101	4932
1104	16747
1107	18418
1110	452
1117	12637
1126	16872
1127	18145
1133	7429
1137	13338
1138	10180
1142	11306
1146	16970
1150	2722
1160	5969
1162	2176
1174	10891
1179	18378
1187	16432
1190	15156
1192	13001
1195	4703
1199	18034
1201	4889
1202	447
1206	15834
1214	4627
1219	9741
1222	8920
1223	5777
1226	14633
1227	7279
1231	14784
1235	3886
1241	10077
1243	14513
1247	8276
1253	7802
1258	17064
1259	16563
1271	13652
1272	12584
1279	15694
1281	16467
1286	11221
1289	9447
1296	12464
1301	13946
1302	7110
1306	18544
1309	14257
1327	8105
1330	5208
1332	11347
1341	415
1344	4280
1347	6336
1349	12197
1353	14198
1364	438
1371	6099
1374	2615
1379	6949
1382	4371
1383	9564
1384	17523
1385	11968
1386	11711
1387	12768
1388	11260
1390	16342
1393	2786
1394	1201
1397	16664
1398	8522
1402	4397
1414	17664
1421	6333
1422	1449
1428	8666
1429	5911
1430	5074
1435	4518
1436	9568
1437	11476
1450	4938
1452	19000
1478	11738
1481	14014
1495	19291
1499	5104
1505	12788
1507	18294
1509	7307
1519	19640
1521	12196
1531	3308
1542	2432
1552	6876
1553	16651
1556	4781
1558	13555
1566	15315
1567	11412
1579	8851
1581	17812
1584	9083
1585	888
1586	13873
1594	7181
1599	11658
1604	7938
1607	13492
1611	8376
1613	7120
1622	16391
1624	4472
1626	5834
1634	19007
1641	15047
1643	6148
1650	9547
1651	17801
1659	212
1669	17889
1670	10184
1672	9140
1673	8723
1680	9344
1686	17134
1688	19428
1698	4509
1700	13495
1702	18965
1703	3534
1706	12950
1714	11825
1720	6160
1731	3469
1732	8455
1737	14387
1742	13403
1756	13998
1758	12459
1759	6488
1761	1467
1763	7394
1765	3802
1772	8209
1775	4812
1776	13410
1777	14537
1778	10781
1779	11865
1784	14816
1786	12232
1795	2438
1809	17607
1811	19264
1820	6927
1821	15714
1828	17555
1829	6609
1831	1419
1839	4598
1850	3974
1853	11026
1854	6427
1857	1243
1860	12313
1863	5838
1865	17390
1866	8511
1871	17521
1886	2395
1888	17965
1891	18685
1893	6709
1895	17744
1899	4671
1909	6780
1910	11456
1916	9098
1918	5221
1932	8071
1936	16310
1937	12257
1951	11364
1952	7766
1963	10313
1967	7994
1968	6274
1973	13822
1976	8160
1982	5386
1991	17670
1992	17058
1997	11502
1998	14741
2000	5408
2007	908
2013	2516
2015	18094
2021	12033
2023	4200
2026	3875
2031	2594
2034	9443
2042	9112
2043	18600
2044	2441
2045	6692
2062	15511
2067	13285
2074	19017
2075	6319
2078	12917
2079	15433
2080	280
2092	7552
2095	3456
2101	14856
2110	5040
2119	2345
2128	7032
2134	3664
2137	15863
2144	13545
2145	13594
2146	19019
2153	1051
2164	14595
2165	13869
2166	10770
2167	7438
2168	16561
2171	548
2186	7367
2187	6371
2189	14836
2191	16500
2193	3322
2194	11601
2199	6581
2202	10893
2203	2732
2209	13072
2214	16860
2215	12007
2216	473
2219	18621
2221	16329
2233	6981
2253	4699
2261	18398
2262	15367
2269	14664
2270	3912
2276	13300
2277	18139
2280	12779
2283	4431
2284	7949
2288	5422
2291	19206
2295	4426
2301	6769
2303	6894
2304	14629
2306	9619
2307	6603
2315	2225
2317	13980
2323	3
2326	6005
2331	2745
2332	14911
2334	18822
2337	14338
2338	16631
2350	4140
2353	6931
2354	8387
2355	17739
2362	6231
2364	12462
2370	18086
2371	320
2378	12360
2379	9617
2381	113
2383	2588
2385	1777
2388	16703
2395	12331
2403	17056
2407	8589
2414	17671
2415	4795
2430	10965
2441	11233
2445	13754
2447	19213
2454	3031
2457	3617
2464	15480
2467	8968
2476	5990
2480	12803
2490	9598
2491	14635
2492	19526
2495	10129
2499	10513
2501	6379
2502	17516
2505	1012
2506	18952
2507	6144
2510	11640
2514	8555
2517	15168
2518	257
2523	12234
2524	14946
2525	9377
2530	9916
2533	10997
2535	14320
2546	7135
2548	2918
2553	4132
2554	8980
2555	6421
2568	6351
2572	5108
2576	7829
2592	13115
2600	7807
2607	9032
2609	4034
2610	1619
2613	860
2615	18506
2626	17446
2633	5135
2639	5661
2644	11560
2645	15864
2647	10703
2660	1036
2663	7598
2669	6408
2680	15069
2685	876
2687	1655
2692	7130
2695	15122
2706	12683
2719	19637
2725	5220
2727	986
2730	4435
2732	18676
2741	12930
2745	13390
2758	5984
2765	7529
2770	5028
2771	1357
2774	16027
2776	13169
2784	2906
2793	19370
2795	984
2797	8135
2801	6526
2808	16499
2812	19459
2818	18694
2819	751
2825	19323
2827	3584
2830	5047
2835	16312
2836	11447
2843	6215
2846	14251
2854	7991
2859	11165
2860	6699
2861	17859
2862	14977
2863	9182
2869	13183
2871	5301
2874	16005
2879	5659
2887	870
2889	15292
2892	16240
2896	821
2897	6574
2898	10811
2909	1855
2916	13173
2917	3076
2926	17661
2930	15216
2931	1340
2933	17073
2935	5409
2936	11038
2937	308
2938	15396
2939	7500
2942	8594
2944	10039
2948	19596
2949	11076
2959	10199
2965	9127
2977	2317
2978	9070
2979	6352
2981	81
2983	10998
2987	8405
2988	6001
2989	10218
2995	14767
3000	16311
3006	2638
3013	8186
3014	9641
3017	14261
3021	18004
3024	9806
3028	685
3034	7318
3037	14859
3039	3348
3040	6725
3041	14608
3043	8685
3047	2343
3051	9297
3052	8096
3054	9942
3055	726
3056	8707
3059	13153
3060	14970
3061	9050
3064	6058
3065	9292
3072	18735
3089	9400
3096	17550
3097	15409
3102	14990
3106	15924
3107	799
3108	9755
3110	9864
3115	10493
3122	16351
3126	9412
3129	16623
3140	7074
3142	13478
3143	3911
3157	13496
3160	19536
3163	3900
3169	1256
3173	7784
3182	3414
3184	8525
3189	3385
3197	12387
3209	8855
3213	6114
3220	8519
3230	14217
3234	1148
3237	15218
3241	10317
3244	647
3251	16576
3262	9223
3269	6040
3273	1782
3274	585
3276	14774
3278	14994
3287	18985
3289	7290
3290	1822
3292	11688
3299	12472
3300	10652
3305	14847
3307	101
3313	833
3333	15238
3336	15628
3342	7141
3346	6653
3354	17559
3355	1350
3371	3099
3373	1931
3377	18656
3378	10238
3383	9188
3391	11861
3394	19390
3403	9826
3404	4370
3410	19593
3415	15874
3416	18495
3418	19192
3424	12276
3425	3401
3431	19719
3434	283
3436	12629
3437	1204
3443	53
3454	654
3457	18255
3458	16358
3466	9286
3467	18548
3468	5098
3471	330
3478	13453
3488	1546
3497	9251
3501	4515
3503	18704
3504	4913
3510	16767
3511	10201
3514	2360
3520	16961
3522	9590
3525	11337
3528	6766
3530	5982
3532	14850
3535	8712
3548	19694
3550	2465
3553	18225
3554	2234
3555	16009
3570	7396
3574	7453
3576	11148
3580	3343
3589	15553
3597	17434
3602	7934
3613	13878
3617	15532
3619	3246
3621	4305
3627	19663
3630	3114
3632	6936
3640	5177
3641	10250
3644	9271
3652	17820
3654	235
3655	11626
3665	12944
3666	2550
3667	10028
3669	1749
3675	549
3685	16456
3687	9858
3688	18500
3690	19276
3697	2162
3710	3587
3713	8994
3714	11152
3716	19280
3717	2505
3718	12441
3722	18549
3731	13017
3739	16632
3743	17260
3744	5783
3745	16335
3755	19374
3758	14122
3762	3423
3772	2443
3773	14001
3777	15277
3786	9544
3790	9546
3791	19141
3795	10810
3796	12713
3800	4201
3802	15789
3804	6173
3805	11455
3810	6037
3813	8893
3818	4985
3819	8969
3820	6328
3826	2507
3828	17373
3831	956
3834	12739
3838	2182
3840	7114
3845	15611
3854	12171
3855	3574
3863	13913
3871	13904
3891	14270
3899	1609
3909	18617
3910	5634
3919	5721
3922	3528
3924	14912
3926	2467
3937	6296
3940	4101
3942	10014
3950	2376
3956	9114
3960	3789
3965	2719
3968	16130
3969	18588
3970	13524
3988	698
3991	9835
3998	11794
4001	8504
4003	9502
4018	6226
4023	14240
4028	367
4033	16985
4037	15341
4044	2174
4049	651
4050	10579
4052	8382
4055	17900
4060	16724
4064	11591
4066	10473
4074	19255
4076	19373
4078	8865
4079	13512
4080	4351
4082	16783
4088	5499
4102	11521
4104	15387
4112	14013
4123	3455
4125	4700
4126	18488
4132	6869
4133	16457
4138	9905
4146	7233
4148	5496
4149	18606
4150	16514
4158	7542
4165	18597
4169	2052
4174	7364
4182	16355
4184	1172
4187	1952
4198	4144
4203	2519
4218	1399
4227	3834
4228	18357
4230	14234
4235	7577
4240	2151
4243	18805
4251	485
4253	10740
4255	14578
4259	11606
4260	8787
4269	10167
4270	10849
4272	9246
4274	17888
4279	347
4280	12327
4282	6106
4283	6941
4295	2173
4299	17093
4301	9224
4308	12380
4309	13100
4314	11213
4321	2487
4326	15263
4327	4213
4328	5205
4330	16660
4331	7936
4334	5700
4336	7064
4342	3588
4344	18769
4348	8918
4356	15757
4359	3207
4367	6621
4372	7212
4376	16150
4377	9892
4381	14413
4389	9508
4392	7575
4393	6589
4394	6614
4396	17114
4400	17386
4402	3698
4411	19563
4416	15029
4417	1725
4422	8792
4433	12860
4436	1246
4438	11565
4445	5312
4446	19539
4455	14428
4458	1091
4465	1412
4474	16645
4481	2434
4484	16701
4494	15945
4501	18498
4502	14692
4508	1188
4509	18888
4522	1941
4529	15113
4530	14216
4531	2845
4537	3993
4538	12830
4540	2006
4542	7591
4549	11544
4553	14699
4561	10567
4564	4877
4565	19477
4574	19630
4577	9051
4579	5613
4582	12086
4585	6331
4587	18581
4588	5351
4593	8535
4600	8460
4603	1360
4610	1722
4613	3543
4619	14979
4626	660
4629	18994
4633	17986
4634	18301
4635	14559
4641	3061
4645	6426
4646	1960
4647	9720
4648	5274
4650	14933
4672	13116
4673	6277
4674	11073
4676	19383
4678	5930
4686	2619
4687	2706
4692	1161
4695	3280
4709	15479
4711	2433
4712	19269
4717	13760
4719	2529
4722	5421
4723	11589
4725	19381
4726	1792
4731	15470
4734	611
4738	5597
4740	9389
4770	10612
4771	18595
4774	10773
4778	2076
4781	9036
4782	6268
4783	1652
4798	9763
4813	1844
4823	70
4824	9563
4825	6717
4827	12502
4834	5784
4835	1354
4836	5974
4841	6084
4842	14885
4857	153
4862	10867
4865	16012
4873	5498
4878	17882
4884	8132
4885	8890
4894	2607
4895	1043
4903	1286
4906	3961
4927	17041
4933	8408
4942	15162
4943	9678
4944	5528
4946	2513
4947	14225
4951	9439
4953	16063
4958	4310
4960	7399
4961	17861
4963	13411
4964	11494
4965	2145
4967	2387
4974	144
4975	18927
4978	11960
4979	16643
4980	7231
4982	2661
4993	19493
4999	10973
5000	6535
5004	9733
5007	6071
5014	13448
5018	1614
5020	13066
5024	17425
5026	5482
5028	2072
5032	12165
5035	16748
5036	13684
5046	9474
5052	12413
5057	13957
5061	3720
5062	10472
5067	14063
5069	15179
5072	6672
5073	10443
5080	3109
5083	777
5085	1587
5086	3988
5096	12540
5098	5450
5106	15759
5108	12511
5111	4811
5117	12783
5122	11410
5128	12573
5131	16375
5137	7099
5146	2158
5158	10182
5171	15965
5178	12899
5179	17883
5184	5426
5187	6419
5188	15868
5198	10283
5199	19052
5207	14331
5214	2721
5216	15086
5227	14040
5228	13698
5229	7774
5233	3397
5235	6553
5239	18964
5243	19065
5246	12078
5251	14992
5257	4007
5259	18277
5260	848
5261	14566
5266	6039
5270	13452
5279	8179
5293	16807
5299	15738
5300	15973
5301	8472
5303	5076
5304	1400
5306	19107
5311	14662
5316	6895
5317	16318
5335	2699
5345	15552
5349	14376
5350	16726
5357	930
5360	4250
5363	38
5365	16830
5369	12634
5370	3221
5371	2193
5379	13777
5380	15132
5386	17003
5387	13871
5388	7528
5389	12285
5392	8244
5406	12614
5411	594
5415	15956
5417	17422
5425	17220
5426	12926
5430	8458
5448	6021
5450	8101
5455	15673
5464	17815
5469	7816
5471	14510
5476	11367
5478	13506
5485	16708
5487	8412
5488	16331
5497	8567
5502	4897
5508	16194
5524	17208
5527	228
5529	8316
5538	4691
5546	12442
5548	14440
5549	14021
5562	5506
5566	16646
5568	13861
5569	19379
5574	5900
5575	2949
5579	11286
5580	1533
5594	2222
5597	7779
5601	10627
5606	17043
5617	12878
5626	2138
5628	14870
5633	16569
5634	12058
5648	10829
5651	6510
5655	19542
5666	4199
5670	8592
5671	10800
5672	9745
5673	12590
5674	5697
5692	6245
5699	15230
5705	12792
5712	3318
5714	3416
5715	9471
5721	8010
5723	2212
5728	6358
5731	15105
5747	1974
5750	17083
5751	11710
5756	13805
5762	1927
5765	8836
5768	4917
5773	16853
5781	9186
5782	10886
5783	8952
5785	3327
5790	13880
5798	15062
5800	19578
5802	16046
5806	16713
5815	14227
5816	18886
5819	1158
5820	5757
5822	9830
5830	7520
5837	10033
5839	14068
5841	96
5847	16238
5852	4226
5853	14934
5856	9991
5858	11791
5864	19768
5865	14445
5867	608
5869	12751
5871	12324
5878	7242
5889	7506
5901	19461
5902	15056
5904	9073
5907	17913
5909	8267
5912	16031
5916	11366
5919	7465
5923	17805
5924	14147
5928	11878
5930	18239
5934	8147
5939	7020
5943	10713
5951	4656
5954	2806
5956	14337
5962	12433
5966	8221
5970	3553
5974	7363
5977	14855
5985	2206
5987	964
5990	3873
6000	18992
6004	16156
6006	14625
6013	16949
6017	8064
6027	9714
6036	16144
6046	4205
6052	10431
6057	18482
6069	7700
6079	18150
6085	1053
6091	2566
6094	194
6099	4690
6101	8445
6102	9469
6104	5975
6115	5316
6119	17017
6120	15016
6122	4018
6126	5766
6127	13230
6128	11510
6133	18098
6136	8734
6138	831
6140	8384
6156	1234
6159	6432
6169	4557
6171	1958
6172	1812
6173	7460
6175	313
6176	9766
6184	7902
6185	5745
6186	6739
6193	8668
6198	8
6222	2141
6230	7862
6236	62
6237	15060
6240	8942
6241	1657
6245	3139
6246	15953
6249	7230
6253	14724
6254	18047
6258	1759
6268	18465
6271	714
6281	6851
6288	258
6292	18155
6293	13874
6312	16604
6322	6413
6334	4215
6339	15283
6340	18587
6346	10196
6350	15487
6352	3024
6358	16534
6360	1691
6364	19540
6371	636
6372	1308
6375	4035
6376	12521
6378	13449
6381	8988
6386	3144
6392	18313
6397	11912
6399	9199
6401	16061
6403	18268
6405	143
6406	7871
6413	10064
6423	7224
6424	5981
6432	6996
6433	874
6434	4246
6450	17977
6455	16880
6460	12162
6462	13481
6471	2960
6472	5083
6473	4621
6480	17656
6485	17175
6489	18740
6490	505
6495	14814
6498	19215
6506	16015
6510	7319
6516	16362
6517	18714
6518	6961
6525	673
6527	3335
6538	11168
6545	1457
6549	4537
6558	10060
6563	6205
6578	11680
6597	5624
6607	17770
6609	13712
6613	12712
6632	468
6643	9809
6659	7507
6673	19435
6678	613
6680	9601
6707	11789
6711	5804
6715	3133
6717	9466
6719	13034
6726	18940
6729	4214
6732	9532
6733	16987
6734	6108
6737	16832
6740	18218
6743	13172
6747	4655
6752	11005
6762	7579
6763	1052
6764	18463
6771	652
6772	8446
6773	5359
6777	13516
6790	19063
6792	5582
6796	16979
6799	19030
6800	12158
6803	2514
6805	8047
6808	18019
6811	1767
6816	11735
6820	14422
6823	623
6824	6932
6825	14876
6828	2042
6829	6373
6839	9946
6856	15318
6864	14729
6865	5799
6872	5950
6904	18533
6911	16367
6912	19139
6921	10272
6922	7241
6926	18866
6929	18400
6944	13990
6945	13792
6954	4014
6959	12469
6961	3565
6969	9620
6970	3264
6974	492
6975	16319
6984	4051
6990	17365
6991	9886
6994	7821
6996	4908
6998	4194
7015	16638
7016	16833
7024	10894
7031	17761
7032	17834
7036	7450
7039	2389
7046	6401
7047	19313
7059	13041
7060	10004
7066	14780
7067	11092
7076	4160
7078	16390
7082	10461
7084	15036
7085	3140
7092	9330
7096	3181
7097	4576
7102	8000
7107	10081
7114	4182
7118	8130
7120	4433
7121	2453
7124	18573
7130	13468
7131	8141
7141	4802
7142	2132
7144	4411
7148	2464
7150	18853
7151	6802
7156	15371
7164	4225
7165	496
7170	5706
7186	5513
7188	1211
7189	1477
7196	3149
7203	13273
7204	10833
7219	12965
7220	9228
7224	6126
7230	17963
7240	583
7242	9728
7248	2644
7254	3402
7257	15125
7258	6972
7259	19474
7268	8031
7269	6752
7270	18210
7273	8434
7280	5190
7282	12625
7287	9082
7288	4964
7290	2288
7302	4533
7304	18065
7308	18849
7309	11074
7312	4468
7313	9682
7317	9135
7322	7744
7323	7408
7331	534
7339	779
7351	14088
7355	17169
7365	15501
7370	13266
7371	19641
7375	10563
7376	17786
7377	7504
7379	12135
7389	6024
7397	9762
7400	14973
7401	3102
7404	1910
7408	14702
7410	17626
7418	9794
7426	1353
7430	7956
7432	11611
7437	10724
7439	18864
7446	8194
7452	9650
7453	13788
7459	1428
7463	15580
7464	2660
7465	4151
7472	13078
7473	17013
7474	11951
7479	1883
7480	6784
7481	7735
7488	5118
7492	5131
7497	16841
7502	19707
7504	12061
7514	3832
7522	19175
7533	5249
7535	11149
7541	12675
7542	13592
7544	1748
7545	14115
7546	17349
7547	10097
7548	4643
7549	5627
7560	7632
7574	6611
7576	12261
7577	14890
7586	18058
7590	16657
7594	2101
7595	1208
7599	8930
7615	1174
7617	3038
7621	18040
7622	11734
7626	463
7630	11322
7640	8354
7645	4438
7648	12325
7655	17712
7661	989
7663	6285
7666	14052
7671	17845
7674	18124
7679	9000
7686	4683
7697	11760
7713	16451
7718	12099
7721	7409
7722	2548
7729	8181
7731	7629
7736	4762
7738	7463
7740	5657
7743	4666
7753	9088
7754	2655
7759	15524
7760	13972
7762	1610
7763	11240
7768	75
7777	5720
7781	17583
7784	1835
7786	9908
7792	11302
7793	19211
7794	3836
7799	3784
7800	14764
7801	4462
7807	2916
7809	1909
7813	12986
7816	7300
7818	17106
7826	18643
7827	2294
7830	5360
7839	13580
7841	5744
7846	19042
7858	16434
7872	757
7875	1978
7883	18935
7888	5986
7891	11321
7896	16739
7909	6730
7913	11812
7927	10010
7937	7852
7938	7856
7940	3101
7944	2085
7946	990
7948	15009
7949	13054
7950	11385
7958	562
7960	13857
7964	14149
7966	17832
7971	16426
7972	7265
7980	2800
7981	10277
7982	1627
7984	6973
7986	18479
7987	9562
7988	14857
7998	14852
8012	8861
8020	19440
8026	17424
8028	18258
8030	7940
8033	13623
8041	15379
8044	8823
8049	15197
8054	18349
8065	10847
8067	7009
8071	7722
8074	606
8082	9270
8086	5614
8087	13016
8093	6668
8095	12879
8098	10305
8104	16936
8107	8770
8109	826
8110	17925
8119	19322
8122	16215
8123	9679
8132	8380
8140	5765
8144	7262
8145	4152
8155	13757
8159	12217
8162	15217
8170	8282
8185	15447
8188	12622
8189	15636
8190	1377
8196	16924
8202	8207
8211	10108
8215	8121
8216	12623
8221	16023
8222	10037
8236	15428
8243	18977
8248	13117
8252	14791
8253	899
8259	8157
8263	14028
8265	260
8266	18900
8269	18391
8270	15720
8273	4956
8276	120
8278	13997
8279	16112
8281	10525
8282	19473
8288	12152
8290	16662
8292	1394
8306	11423
8313	3770
8314	17877
8328	5219
8329	11767
8330	10098
8331	13778
8355	12714
8357	18399
8358	10543
8359	7227
8363	17488
8365	12137
8372	1833
8375	12312
8380	14166
8381	7669
8384	15474
8388	16828
8395	4909
8399	15534
8401	18304
8412	8237
8419	10479
8420	17933
8428	4912
8429	7034
8434	18184
8437	7808
8445	11474
8452	12085
8458	5053
8460	5406
8469	16327
8473	10280
8476	17864
8484	3406
8494	8852
8499	14209
8501	17413
8504	18089
8511	2585
8517	14845
8534	8360
8535	15003
8536	10068
8540	17707
8543	10131
8544	591
8550	967
8552	4203
8553	15392
8559	2795
8570	16799
8571	15644
8572	8781
8575	9493
8576	14020
8577	16879
8580	2812
8583	969
8584	4410
8586	8323
8589	3251
8591	17591
8595	9629
8600	18751
8613	1659
8628	682
8631	8558
8635	6103
8641	8872
8643	1621
8652	10633
8658	17847
8665	5628
8668	14918
8669	3482
8670	5307
8673	9305
8678	18414
8686	9959
8687	6843
8688	13083
8690	4046
8692	18147
8700	10355
8702	6916
8708	12735
8712	6032
8714	15128
8717	10505
8719	17870
8723	10608
8724	5946
8730	18847
8735	6301
8736	10603
8740	2735
8743	10063
8744	3868
8746	16430
8752	19389
8753	2011
8761	9254
8764	18475
8770	16042
8780	15643
8783	10954
8786	1228
8788	16938
8789	7888
8793	17128
8795	18003
8800	6292
8801	2953
8803	10164
8813	16600
8817	14213
8819	8289
8821	14398
8838	4042
8839	14560
8855	6123
8856	8834
8859	19518
8867	14326
8868	14406
8870	2155
8872	11896
8877	14085
8879	9967
8883	3504
8890	15273
8893	5149
8897	12628
8899	16578
8900	14345
8911	13683
8912	13227
8918	10340
8922	16336
8924	248
8934	14302
8937	19705
8938	1983
8940	19299
8941	9881
8949	4607
8955	12835
8960	3895
8963	7640
8964	3174
8970	3412
8971	4846
8973	8180
8979	6918
8984	16502
8988	19068
8992	18692
8993	12419
8999	10438
9003	10975
9005	13345
9006	15794
9017	18754
9021	14505
9022	9301
9031	9850
9036	4618
9041	17596
9044	721
9050	1271
9057	13088
9067	8631
9071	11263
9074	13937
9078	18760
9082	17391
9087	19655
9089	2437
9098	14993
9100	15310
9106	12512
9107	12381
9110	7909
9113	5727
9120	7210
9124	6436
9130	2855
9132	16121
9133	10405
9138	18288
9141	19454
9159	18915
9162	12811
9165	12520
9180	4907
9181	13548
9182	1615
9190	10912
9196	2902
9201	17071
9206	5705
9210	8825
9214	13586
9216	12589
9219	10183
9221	13993
9222	12283
9225	2724
9238	17814
9244	8295
9247	377
9252	12490
9257	3400
9259	18971
9260	15930
9261	6909
9264	493
9267	18594
9268	18838
9270	6975
9271	16552
9275	14647
9277	14196
9280	5161
9283	10606
9284	17553
9286	16741
9291	2734
9292	2017
9294	15308
9296	17001
9302	7134
9303	17079
9309	6852
9311	5818
9314	14592
9322	13336
9329	625
9337	8688
9339	5573
9341	9731
9343	16580
9345	10557
9347	13537
9348	2509
9355	16901
9357	9225
9358	2499
9360	6428
9364	13844
9366	5256
9367	15368
9370	14529
9371	4774
9375	9003
9376	513
9377	19100
9378	11742
9379	3563
9380	2002
9384	4273
9389	2500
9392	15570
9394	4115
9406	1586
9407	15712
9411	12694
9418	9019
9421	13719
9422	275
9423	15767
9424	5445
9425	1087
9435	3674
9442	18923
9450	9852
9461	10667
9469	15057
9471	15278
9472	928
9475	13010
9477	2170
9478	14532
9480	12507
9482	3063
9486	18209
9489	10630
9494	14060
9496	8396
9499	3982
9500	17141
9505	4945
9512	666
9515	10880
9516	1022
9518	1432
9522	11299
9523	7137
9537	17152
9549	18569
9553	9298
9556	15806
9559	5451
9563	5862
9577	10625
9579	6051
9583	8197
9585	7113
9594	12235
9603	10575
9607	1076
9611	10564
9612	11744
9615	4289
9616	16920
9620	17102
9624	1601
9625	1598
9626	12919
9630	11261
9633	16255
9638	9043
9641	19481
9648	8268
9651	4150
9655	8760
9658	2086
9662	1795
9663	13726
9664	8369
9665	1421
9667	17766
9668	3210
9670	17183
9672	3977
9683	3199
9687	3168
9688	10537
9691	50
9695	15866
9696	13128
9700	16020
9711	6170
9715	4764
9716	4274
9717	16160
9719	11592
9722	15440
9728	2768
9735	6410
9737	16095
9738	2304
9741	7403
9770	1882
9776	13373
9778	2822
9779	9492
9780	8260
9788	16409
9790	13783
9791	7095
9798	18665
9799	3410
9802	9529
9806	3437
9814	5358
9816	68
9823	13171
9826	1037
9827	11331
9830	12304
9835	7601
9838	2041
9839	15526
9841	17979
9842	14509
9843	15349
9847	15312
9858	19371
9860	13233
9864	10053
9869	6922
9871	10739
9883	8457
9885	16787
9887	12970
9891	6612
9895	7324
9899	18671
9902	8119
9906	11484
9908	2700
9920	3403
9926	1669
9930	3502
9931	15095
9932	18219
9934	11831
9935	10549
9938	458
9942	1667
9943	17453
9946	9673
9947	13771
9949	19717
9950	10723
9951	5061
9952	14402
9957	15873
9962	8588
9965	2893
9968	9880
9971	4391
9973	18513
9978	11416
9980	11156
9985	19356
9988	10960
9989	7189
9998	14597
9999	14366
10002	13995
10003	17717
10005	5310
10010	89
10011	15320
10030	12562
10032	11035
10033	2128
10035	5544
10036	3956
10040	6630
10045	4291
10049	17094
10059	8585
10060	5248
10066	3324
10067	13267
10068	16915
10072	18800
10076	12236
10077	7197
10079	12945
10086	409
10089	19750
10102	11660
10103	4934
10114	15284
10117	9164
10118	1125
10120	3353
10124	73
10129	2157
10130	15478
10141	17906
10146	18386
10147	10822
10154	3586
10157	4816
10162	9161
10164	1934
10166	14393
10174	19730
10177	14534
10179	12922
10192	15108
10194	19284
10196	4835
10197	7984
10199	4992
10205	448
10210	12064
10212	16177
10214	947
10222	12423
10230	16547
10234	9018
10237	6542
10243	13741
10247	7864
10250	6248
10252	8829
10254	351
10256	87
10257	14499
10259	12341
10266	16746
10267	2021
10272	9875
10278	10533
10283	8913
10291	14248
10295	5058
10297	16445
10298	8847
10299	12948
10302	14092
10304	19681
10305	14405
10306	5052
10310	18777
10313	9029
10317	731
10320	3150
10322	19034
10325	8065
10327	17243
10339	7213
10342	12669
10344	1811
10347	716
10350	17228
10353	14193
10360	9382
10362	6697
10363	4940
10366	12055
10372	12399
10377	3878
10382	997
10384	16858
10386	828
10398	1636
10399	10138
10411	7151
10412	17665
10414	11173
10418	13279
10422	3983
10424	4919
10428	11582
10431	12205
10452	2599
10454	2390
10461	5491
10470	19626
10475	12400
10479	19053
10480	10497
10486	214
10488	18859
10490	19700
10496	15625
10503	19080
10508	12759
10516	2870
10517	12336
10519	9732
10521	14458
10526	12439
10538	805
10539	7561
10547	5536
10556	7697
10562	12344
10572	16589
10578	6212
10579	11186
10590	7344
10591	12887
10592	11979
10594	10842
10595	4347
10603	8074
10611	793
10614	14244
10616	4027
10640	7358
10643	5819
10647	733
10652	15662
10656	14521
10663	16313
10668	15764
10671	4679
10680	17962
10685	18419
10686	2209
10694	10741
10695	10348
10696	10304
10712	15893
10713	10750
10714	9557
10721	18528
10723	6842
10726	12345
10733	2997
10734	13201
10735	10165
10737	4825
10742	5057
10743	13733
10749	12684
10755	18440
10758	2596
10759	6862
10760	2702
10762	9759
10763	1018
10768	18119
10769	767
10773	9622
10776	670
10777	5874
10779	12870
10780	3714
10789	15200
10794	2554
10801	17711
10803	16352
10807	13159
10809	4285
10813	10327
10822	102
10834	18161
10836	14313
10849	6391
10851	5870
10854	13811
10857	12474
10859	6061
10860	16751
10866	6799
10867	8443
10874	1979
10877	2466
10883	13971
10885	3208
10886	4432
10887	3675
10901	11479
10905	11768
10909	14386
10912	15448
10919	16504
10922	15615
10926	12297
10927	2407
10929	786
10931	8252
10944	12826
10945	4761
10948	18966
10951	3510
10957	5468
10961	10720
10967	6889
10971	17764
10977	1273
10984	10262
10988	5768
10989	7216
10992	14396
10997	19408
11014	13982
11017	11404
11019	3131
11039	11383
11041	454
11046	5477
11048	3496
11049	17127
11050	19670
11052	16168
11053	17344
11060	18340
11062	12688
11064	5427
11070	16941
11074	12665
11079	8732
11081	8557
11083	18970
11087	1565
11094	6900
11097	9030
11099	1498
11108	1849
11109	14563
11114	6452
11121	3374
11122	10599
11124	2998
11134	16415
11136	1991
11137	10774
11138	5246
11152	9966
11154	15280
11156	2674
11162	11783
11168	1872
11170	17248
11173	1068
11175	6383
11184	5920
11186	17571
11190	7502
11195	3786
11196	3276
11202	10857
11205	1860
11208	12282
11211	1081
11214	8467
11215	17934
11222	10855
11232	13003
11248	8386
11251	17676
11257	17159
11265	8338
11269	11924
11274	3815
11275	10446
11277	4335
11280	15992
11283	8795
11285	9121
11286	12241
11300	9212
11319	1391
11323	19554
11329	5840
11334	261
11337	15184
11338	5567
11339	11962
11342	12434
11349	7555
11356	18698
11362	17655
11364	11557
11367	12798
11375	7516
11379	13669
11381	8242
11384	4145
11385	12851
11386	18353
11395	16353
11399	10381
11405	14689
11407	1831
11411	2104
11413	4791
11417	12411
11423	1573
11425	6349
11431	1364
11432	2351
11433	7164
11435	6185
11449	10752
11459	3098
11463	17796
11465	7754
11467	13501
11472	1797
11476	3446
11481	253
11490	19315
11494	2426
11499	176
11500	13134
11503	1050
11509	11196
11516	3980
11522	11882
11526	12383
11528	9560
11531	12758
11539	3893
11544	1884
11546	18945
11547	6662
11556	18002
11561	16269
11563	18008
11568	15632
11572	17942
11573	8413
11583	4927
11584	8797
11587	1280
11589	16992
11594	3247
11597	3818
11601	7404
11603	11522
11608	10815
11609	12566
11610	6225
11611	8284
11616	158
11618	13086
11621	14648
11629	4971
11634	12335
11636	10635
11643	14520
11644	17643
11652	19479
11654	5495
11661	6599
11663	1304
11664	16842
11669	5046
11673	5574
11678	6161
11680	5050
11684	7360
11689	19631
11691	19352
11702	7079
11706	2936
11709	12528
11712	1714
11715	4711
11717	1905
11725	2648
11735	1144
11742	4947
11743	612
11755	9450
11757	1570
11761	1793
11764	968
11767	7758
11772	5389
11783	13507
11786	10955
11787	687
11789	11504
11804	2130
11808	12069
11811	4134
11812	8223
11814	11249
11819	10745
11824	1045
11828	9704
11832	13737
11839	19557
11841	9654
11844	7514
11845	6964
11853	10400
11863	19340
11875	14479
11879	19490
11892	16328
11898	1371
11900	15112
11906	8224
11911	18705
11912	11111
11918	16243
11924	7517
11926	2315
11927	7494
11930	5548
11933	522
11938	9227
11940	16711
11941	6237
11942	15274
11943	16758
11945	2340
11954	15496
11961	6149
11964	17293
11974	4118
11976	210
11977	13463
11979	331
11981	16066
11982	15243
11983	9628
11984	3282
11991	1475
11992	11051
11996	7708
11999	13830
12007	16556
12011	15121
12015	11351
12018	14061
12021	3188
12024	5034
12031	946
12034	5521
12036	13644
12043	6339
12044	19178
12047	5455
12052	10751
12053	10353
12065	4135
12069	17617
12073	10233
12079	227
12080	18338
12083	16158
12084	13532
12091	11132
12093	15116
12095	3129
12098	18933
12099	7012
12101	1251
12103	12615
12104	1298
12110	1542
12115	342
12116	15908
12119	2321
12120	5658
12125	19228
12127	6220
12131	12182
12136	5978
12137	15867
12140	1264
12143	18995
12146	11887
12147	6365
12156	14923
12157	2383
12160	1434
12162	9445
12170	4315
12177	3434
12182	17239
12184	15495
12187	3457
12191	10785
12194	7115
12206	12267
12212	18033
12214	1135
12219	6835
12220	9293
12221	10708
12224	14114
12225	10086
12226	1914
12235	9612
12239	6038
12241	8178
12242	17798
12247	15635
12254	13113
12255	10746
12256	18373
12257	6264
12259	4361
12260	19140
12262	13182
12266	7545
12276	12556
12281	18770
12291	5079
12294	6389
12295	9795
12296	3526
12300	11275
12303	10888
12305	7622
12312	861
12313	6567
12320	3459
12322	1351
12323	6955
12326	7485
12327	13543
12338	30
12342	10376
12345	6967
12350	18358
12357	18439
12358	1998
12361	9971
12370	3360
12372	18241
12373	12096
12374	14111
12378	5965
12381	17841
12383	19661
12393	13722
12394	16921
12401	2682
12404	9995
12412	7498
12414	13695
12420	14342
12421	3523
12431	13014
12433	12028
12435	2204
12450	6484
12451	3219
12453	12568
12454	15110
12455	2178
12461	1133
12464	536
12467	884
12468	3209
12473	15865
12477	17968
12479	1988
12494	5390
12496	1917
12499	4362
12500	3892
12516	6017
12519	5698
12520	5631
12531	6638
12537	10294
12546	16059
12548	16825
12551	15354
12564	528
12569	6573
12570	19014
12573	8715
12576	5851
12581	16360
12586	9010
12592	1041
12596	8158
12598	9828
12600	2194
12604	10082
12605	2480
12607	15412
12611	12263
12615	15648
12620	306
12626	18890
12631	5682
12633	6450
12637	15575
12643	1369
12651	10593
12654	7961
12663	10509
12684	11119
12695	621
12703	18261
12708	12781
12714	15429
12718	11183
12730	10310
12732	14032
12734	6517
12743	19620
12749	405
12751	13650
12754	19105
12761	5253
12810	1414
12811	8633
12815	5674
12817	2252
12820	9279
12826	17310
12830	19668
12832	15579
12834	14164
12835	7422
12844	15561
12845	14267
12850	15916
12851	10634
12854	421
12855	7815
12857	19688
12863	2492
12868	10941
12875	8439
12878	13401
12883	12592
12888	9910
12892	12025
12894	4102
12895	12909
12896	17161
12902	11274
12903	6640
12915	11142
12916	13485
12919	12270
12921	16886
12922	16988
12932	14280
12933	16505
12934	10726
12940	6622
12948	17492
12958	5283
12960	1796
12966	13601
12977	11571
12982	8275
12983	5092
12986	13047
12988	12976
13007	9454
13010	7341
13015	15980
13017	17974
13031	3772
13034	615
13040	10188
13044	5224
13045	4486
13046	5817
13063	18113
13072	15595
13074	11717
13081	2597
13088	6290
13093	14964
13098	6947
13099	7022
13100	19348
13111	10483
13126	7211
13132	18424
13135	16344
13137	12855
13143	2859
13145	1067
13149	16946
13150	11232
13154	18696
13158	6760
13159	10769
13160	4116
13164	2814
13170	2195
13172	92
13175	15279
13179	6953
13185	15647
13205	12222
13217	10351
13221	6718
13222	18394
13227	4592
13229	18259
13237	17878
13243	11417
13246	10917
13248	15765
13258	14481
13259	16805
13267	9638
13271	7468
13273	12668
13274	15897
13277	18496
13279	9918
13280	12286
13289	3006
13290	6591
13294	16379
13297	11376
13303	11489
13313	4352
13314	84
13315	5797
13317	4480
13318	8702
13321	13213
13325	11470
13327	14744
13331	7583
13332	776
13337	3527
13338	10239
13340	7715
13343	17476
13345	9808
13350	3344
13351	7899
13352	15671
13355	5825
13361	2498
13370	4661
13375	11665
13381	4993
13383	27
13384	1365
13392	7806
13393	6974
13395	14730
13396	19295
13401	7966
13402	19136
13406	11392
13408	11835
13410	18015
13425	7660
13426	17326
13427	396
13435	19149
13436	533
13437	1078
13443	11300
13444	17005
13449	6848
13455	18773
13460	7083
13461	3922
13463	1292
13465	4139
13466	9381
13467	9573
13469	14194
13487	19509
13488	11207
13505	10152
13511	7139
13513	4459
13515	17351
13522	5156
13523	7254
13528	8549
13529	18036
13530	1252
13532	14484
13533	17616
13537	4005
13543	5739
13545	14460
13549	6369
13552	1986
13554	3089
13555	3846
13557	2787
13558	13151
13567	5250
13569	18339
13574	6794
13575	11292
13580	6385
13581	8336
13591	5112
13595	15454
13605	12895
13607	10445
13608	2636
13609	3712
13612	1240
13614	12837
13623	7861
13632	14093
13634	2826
13637	11314
13640	9426
13644	16116
13645	5795
13656	250
13657	18674
13663	13021
13664	3367
13666	5146
13670	12229
13673	3313
13676	2944
13684	4921
13685	152
13686	9838
13690	10112
13697	13483
13700	1538
13702	14176
13705	9408
13710	7477
13722	15569
13725	11561
13730	2897
13736	17513
13737	15258
13744	19591
13751	8068
13758	11716
13761	12534
13762	8054
13766	18427
13768	15950
13771	14223
13778	5572
13787	4239
13790	8185
13793	8171
13796	11986
13798	3615
13799	3614
13809	13779
13814	18793
13820	8973
13823	13769
13826	12643
13829	2165
13834	16262
13836	16975
13841	8333
13855	12742
13856	1484
13859	1522
13864	17438
13868	5655
13872	13619
13874	2623
13876	18672
13878	909
13879	11815
13880	12369
13881	2575
13888	11363
13890	12023
13900	6536
13907	10706
13912	16851
13913	17629
13919	1302
13927	2192
13932	12939
13934	2579
13937	4455
13939	4543
13944	2586
13946	3602
13958	17209
13960	18134
13961	17189
13963	19098
13969	3307
13970	12428
13979	9093
13981	3986
13995	18889
14004	174
14005	11318
14027	16590
14028	19089
14029	11304
14035	18856
14038	11430
14049	17751
14053	15996
14054	10099
14056	8785
14057	462
14058	14461
14068	2764
14071	2962
14084	6306
14095	6992
14097	6326
14110	2728
14116	5612
14121	2571
14125	11236
14128	3682
14147	13244
14148	16905
14150	14889
14158	18326
14159	6685
14169	14030
14184	7285
14185	15677
14188	2202
14197	8801
14206	2976
14212	16585
14214	4676
14215	14343
14221	2738
14227	5948
14228	6324
14229	18497
14234	3690
14237	10801
14240	15827
14245	14771
14248	16062
14250	2025
14253	3767
14260	19015
14261	17363
14266	7916
14278	15889
14286	7469
14288	4854
14289	2772
14291	4154
14300	16179
14316	3272
14320	10314
14329	6439
14333	14603
14339	14613
14341	7963
14342	13696
14344	15780
14349	13667
14359	5993
14360	2698
14362	2102
14366	12129
14373	2611
14375	18470
14376	17654
14379	4805
14386	14924
14388	19561
14392	13288
14393	5809
14396	12271
14401	19741
14402	13523
14405	9266
14408	1726
14415	13469
14416	18073
14417	16952
14425	8005
14431	1556
14434	9696
14435	2652
14437	10178
14439	5546
14444	1164
14448	3571
14453	19470
14457	18861
14459	10217
14460	11618
14461	18320
14482	14910
14485	13839
14486	13073
14487	16273
14489	5806
14496	9882
14498	16076
14505	5441
14522	4298
14528	4481
14532	5923
14537	8536
14542	2242
14546	5085
14560	15504
14561	2399
14562	9669
14566	6125
14575	17336
14577	9268
14584	14539
14587	17222
14591	19766
14592	11542
14596	2362
14598	14289
14612	12764
14615	6518
14619	5232
14623	13148
14624	13912
14628	2573
14630	3763
14633	1332
14634	8832
14635	14292
14636	10023
14640	7867
14643	1165
14647	1682
14649	1106
14672	4636
14675	9374
14681	378
14683	2685
14686	8565
14693	12746
14700	15904
14709	18990
14710	595
14711	5508
14715	2917
14717	6267
14720	19500
14727	926
14729	13306
14734	6816
14737	18709
14740	19337
14744	16228
14746	14586
14747	7742
14749	14245
14753	5452
14757	17718
14758	16865
14760	18319
14764	11022
14765	942
14770	11104
14775	2559
14790	9821
14791	10012
14792	11100
14804	19013
14805	16983
14808	8489
14810	1717
14818	13914
14825	13952
14827	13311
14828	4532
14829	12014
14831	3271
14845	16518
14846	15304
14853	14804
14854	14301
14860	12429
14868	18779
14869	18817
14871	14468
14872	17374
14874	7094
14876	5829
14883	11421
14885	9746
14886	5466
14890	4187
14891	2442
14897	17345
14916	17919
14917	8789
14923	13539
14924	5270
14938	19029
14941	17144
14942	2403
14947	1650
14951	17724
14952	1277
14954	4722
14956	1720
14961	11889
14966	18457
14971	18295
14980	6129
14983	1253
14986	11856
14987	16965
14990	19636
14992	12403
14994	999
14998	15700
15000	19392
15007	2741
15008	16796
15012	13640
15031	6435
15053	2053
15056	17641
15057	9011
15063	19131
15065	5096
15068	16196
15078	11546
15080	9349
15084	6015
15100	16910
15109	2388
15111	5772
15117	5880
15120	11854
15126	48
15132	3905
15134	12539
15141	10987
15153	18979
15154	16904
15156	13868
15159	12445
15160	10248
15165	10448
15167	2649
15170	16612
15172	8996
15178	6150
15180	5615
15181	6116
15183	13856
15192	7590
15197	9963
15202	3616
15208	18732
15211	19514
15212	14011
15215	11356
15220	16909
15221	15342
15223	9599
15234	7920
15237	7986
15238	5947
15241	11785
15244	4792
15246	645
15248	2563
15249	2740
15252	15187
15254	8638
15264	13413
15278	1794
15282	17840
15286	2111
15287	864
15294	9165
15297	1320
15298	8590
15301	16314
15302	5109
15307	15646
15310	17894
15319	16826
15321	13402
15327	14373
15333	8052
15336	18436
15337	15512
15344	7551
15345	10952
15346	5045
15353	9938
15354	1314
15376	19579
15382	4513
15383	13412
15384	13527
15386	2549
15388	15590
15393	7253
15398	14362
15399	2172
15405	5335
15418	15655
15430	15494
15431	7412
15438	5771
15441	8929
15445	12902
15446	3517
15447	8172
15450	18192
15451	9527
15459	8092
15472	15567
15475	15861
15476	17450
15498	9005
15503	10730
15511	15799
15522	10719
15524	12733
15527	10025
15539	4581
15542	6087
15546	16815
15551	15622
15556	10189
15561	2756
15571	9869
15583	13528
15586	1500
15592	5667
15596	14130
15603	12346
15606	3697
15613	4535
15622	14745
15624	9360
15627	15750
15631	18688
15640	4914
15643	12303
15655	9126
15662	18041
15676	18650
15678	13383
15679	14697
15687	16148
15689	18246
15690	17164
15691	8476
15695	7518
15700	4193
15701	1367
15706	19060
15708	9462
15724	8081
15727	13038
15732	225
15735	3249
15740	3758
15744	2283
15747	16484
15748	11216
15760	361
15768	2829
15771	14388
15775	10160
15776	10134
15794	375
15795	16712
15796	18991
15797	4788
15799	3022
15805	3340
15811	3112
15813	3283
15820	13386
15822	8475
15829	14239
15837	1065
15838	4138
15842	9376
15846	12015
15849	5878
15852	2048
15853	3744
15855	18266
15856	4463
15859	2621
15861	8810
15863	17737
15868	5163
15869	8578
15877	10551
15886	18518
15888	4752
15895	531
15903	13037
15911	19183
15912	270
15914	12437
15916	3239
15918	16283
15919	1131
15922	17569
15924	9968
15925	9604
15931	9375
15933	13097
15940	12996
15945	7072
15947	7117
15953	6416
15958	8597
15962	15988
15963	17435
15970	13581
15971	975
15974	11472
15989	155
15990	10694
15994	7434
15995	9004
16002	16253
16007	18199
16009	19504
16012	1971
16014	9754
16027	1900
16030	6309
16040	15830
16053	1985
16060	16204
16061	16501
16065	18032
16069	16945
16070	18943
16072	16976
16074	8993
16081	13186
16084	14769
16105	4425
16108	18668
16112	11954
16114	19643
16116	2610
16117	3918
16119	12818
16123	14300
16126	2191
16128	7995
16129	2545
16130	13298
16134	8902
16145	13974
16146	4043
16147	6664
16149	17658
16150	34
16152	200
16156	18526
16167	16817
16183	6509
16184	13599
16185	17525
16190	9935
16193	4476
16194	5429
16201	12726
16205	9477
16211	1352
16213	6330
16217	9101
16221	13220
16222	13443
16225	2037
16227	6499
16232	7762
16235	659
16236	15612
16245	7162
16246	426
16258	13471
16259	13538
16262	16223
16268	14659
16278	2951
16281	7435
16283	540
16284	10518
16286	13042
16299	15030
16300	13841
16310	10787
16313	16450
16314	14438
16321	16719
16322	379
16338	2033
16342	13829
16344	11258
16346	1827
16348	15689
16352	15540
16353	10903
16363	11047
16365	17405
16369	1926
16371	18159
16379	13287
16384	10933
16387	12789
16399	10665
16415	8643
16416	12226
16425	14026
16433	11692
16439	12966
16451	2228
16452	11871
16453	11706
16456	9591
16459	8845
16461	18010
16464	1480
16466	13702
16467	10618
16474	2305
16483	18066
16485	7839
16487	10266
16491	8094
16492	18049
16497	11613
16498	7495
16507	6960
16516	15998
16517	598
16544	13076
16549	9943
16551	9372
16553	3143
16561	9435
16566	11732
16569	10301
16572	13809
16575	12894
16579	13242
16580	8932
16586	5009
16589	4147
16590	14903
16592	9138
16594	14887
16601	10506
16604	3338
16607	2137
16612	8677
16615	7635
16617	18978
16619	19227
16626	12090
16628	8420
16630	7636
16636	7651
16637	6624
16640	9365
16643	7985
16647	1272
16658	6128
16671	3909
16673	15823
16676	15530
16686	3073
16691	12517
16695	16641
16698	15754
16703	1295
16714	17384
16717	2419
16731	11319
16734	4544
16735	9350
16738	4639
16741	8255
16747	1718
16752	18388
16755	16507
16757	4531
16763	9489
16766	18808
16767	2667
16771	5917
16773	3556
16775	6863
16781	17747
16783	5651
16800	11359
16801	3746
16805	9068
16806	17659
16807	3500
16810	18072
16812	9234
16813	10149
16820	8923
16821	14323
16824	15586
16825	1089
16828	823
16833	7853
16846	12218
16848	11113
16852	1894
16856	19506
16866	7554
16871	304
16877	5549
16881	19180
16883	19092
16885	3910
16897	9315
16900	8063
16908	9936
16912	14467
16913	16892
16917	1378
16919	11052
16938	7565
16942	11503
16952	17347
16962	9925
16965	9294
16966	8910
16971	15265
16979	10174
16981	9616
16983	8395
16994	14598
16997	13031
16998	17442
17013	2790
17014	17174
17015	119
17027	8496
17030	1513
17033	14843
17034	10786
17038	1625
17043	9626
17049	17211
17055	18766
17070	7951
17072	559
17081	13831
17084	4876
17086	8115
17087	14496
17088	1443
17093	12680
17094	12904
17097	14543
17100	8646
17108	5201
17112	3748
17114	14872
17119	2715
17124	14309
17128	4983
17132	15630
17134	19104
17135	10585
17136	19444
17138	5611
17144	18535
17147	4148
17154	15702
17155	2299
17157	8144
17170	2284
17175	1095
17178	12065
17181	14526
17182	9694
17192	8296
17194	9269
17195	9096
17204	15417
17205	3829
17207	3013
17209	6820
17215	1235
17216	16429
17218	9067
17221	16272
17223	7373
17224	2423
17229	8873
17239	19400
17245	13840
17246	15817
17248	10824
17249	2511
17250	14242
17258	15040
17261	7606
17263	15563
17264	18143
17276	16587
17277	7144
17279	7243
17280	5215
17281	16671
17282	4240
17283	1807
17286	9418
17287	18713
17291	6169
17292	11702
17294	3921
17296	480
17299	19133
17304	17741
17307	15126
17311	16709
17320	17503
17322	18552
17325	11345
17326	13428
17328	3319
17330	9805
17331	971
17334	14650
17335	18162
17344	8421
17350	7291
17363	19345
17368	17054
17371	5722
17372	1715
17373	1315
17374	10410
17375	17981
17377	10481
17387	10132
17396	8708
17400	9589
17411	13959
17414	9558
17417	13773
17426	10761
17447	6710
17452	2681
17455	2743
17467	15791
17469	18727
17480	8187
17490	17279
17491	14285
17493	14024
17501	1218
17510	11687
17511	6366
17512	5485
17514	5774
17521	12136
17524	19549
17525	15285
17527	5501
17531	3396
17535	13304
17537	1270
17539	17364
17543	9652
17547	17367
17551	2031
17560	6219
17561	12648
17569	3025
17572	17748
17578	1689
17586	10490
17590	11268
17592	4997
17597	4360
17598	14188
17603	3990
17607	8104
17611	11373
17612	13933
17618	1808
17619	5178
17624	12455
17626	16249
17628	19165
17629	10382
17633	18987
17635	2889
17637	12538
17640	9659
17641	19703
17642	11247
17652	18826
17653	14626
17654	17217
17658	14963
17661	911
17667	11272
17673	5363
17678	5367
17682	11159
17683	16730
17685	18960
17686	1478
17688	19483
17689	10895
17696	1729
17700	10619
17701	5735
17706	19187
17709	12740
17710	16633
17713	8749
17727	11016
17734	15543
17742	6866
17743	13705
17749	13335
17751	18924
17754	1774
17758	7055
17767	5097
17768	15672
17773	17920
17774	15272
17775	7004
17780	8313
17786	5909
17803	10768
17810	6209
17819	15444
17820	1085
17823	15295
17826	17105
17832	9566
17836	1181
17837	3451
17838	5255
17852	7104
17862	9260
17866	11487
17874	8461
17893	15906
17895	6548
17896	10860
17897	13659
17901	19588
17910	7407
17914	10464
17917	18749
17918	7875
17922	12514
17924	3989
17926	8903
17927	11435
17928	5922
17929	17715
17934	15745
17935	17042
17937	6903
17947	11227
17951	14277
17955	4372
17960	4717
17961	15928
17968	11191
17971	12332
17974	1136
17975	7603
17977	12365
17986	2821
17987	871
17988	18356
17989	9303
17990	8990
17991	19711
17999	12314
18004	1141
18006	5715
18013	2080
18019	3077
18020	17532
18025	15922
18028	9506
18035	13007
18040	5073
18043	1553
18047	844
18048	13768
18056	11902
18062	413
18066	17850
18067	7588
18075	3362
18076	16942
18077	16735
18078	18936
18081	17119
18082	12928
18094	2670
18095	9660
18097	10522
18108	2567
18115	7272
18118	7234
18120	11490
18123	9363
18139	19152
18140	11978
18141	8553
18143	17475
18147	7097
18148	8754
18149	12569
18158	17455
18165	13170
18168	18726
18170	1806
18174	7736
18176	15509
18181	13217
18184	10045
18185	7941
18196	18140
18203	16873
18205	9894
18209	13870
18216	8846
18220	17721
18223	14583
18227	8053
18233	10639
18234	6265
18235	3570
18237	4794
18245	10022
18248	3034
18256	4797
18264	1769
18266	6825
18269	2515
18275	13948
18276	6263
18278	12453
18283	16658
18286	16934
18288	11559
18297	9487
18299	16732
18308	11525
18314	1709
18318	1943
18320	9379
18322	1507
18323	9115
18325	13564
18326	11461
18334	12133
18336	4856
18338	19524
18339	535
18341	5371
18346	16256
18359	3291
18360	5258
18365	9662
18368	3548
18372	8142
18373	5230
18385	11920
18386	15481
18388	19196
18391	7793
18393	19110
18395	12258
18399	14385
18401	1245
18402	8809
18405	16693
18406	4930
18411	8985
18415	3573
18416	13676
18420	430
18426	12892
18435	14466
18453	9705
18454	8711
18461	2613
18469	622
18471	7222
18473	13685
18476	16102
18479	7661
18481	3478
18486	9483
18487	1206
18496	10260
18503	9748
18512	9538
18522	14728
18523	19715
18529	12468
18531	15682
18550	13292
18554	5487
18563	12322
18567	7778
18573	5279
18577	1520
18582	949
18587	12382
18588	11995
18592	6837
18597	18520
18599	18087
18600	14669
18602	11357
18609	5110
18611	18321
18612	1596
18614	19451
18621	15182
18626	11851
18631	16446
18638	1504
18652	1506
18653	19748
18656	4796
18659	11243
18660	18896
18664	17123
18672	5285
18679	13023
18691	14599
18693	4279
18698	10046
18700	13388
18705	7537
18710	19779
18714	6412
18724	4073
18725	10515
18726	13308
18729	11296
18733	10596
18737	15715
18744	10292
18745	3782
18748	499
18749	5621
18750	18586
18751	14917
18752	4325
18753	8730
18755	17333
18756	10783
18762	16522
18766	7092
18768	13808
18778	1537
18780	14031
18789	10070
18800	10429
18808	7047
18815	15119
18821	2310
18825	7383
18830	19498
18831	5457
18832	15453
18837	9675
18839	14944
18846	12390
18852	4784
18853	7273
18856	14624
18857	1063
18862	878
18863	3020
18868	11814
18870	9322
18871	16899
18876	11167
18880	14821
18893	11025
18898	11266
18900	2071
18901	17335
18903	16231
18904	4223
18906	11248
18908	8404
18917	13558
18920	9859
18922	13180
18934	1887
18938	6925
18944	12705
18951	4016
18954	7677
18955	10133
18959	6498
18961	8448
18965	8169
18967	5105
18971	582
18979	15492
18987	11756
18994	15991
18996	1628
19002	7630
19005	19048
19007	19581
19008	17603
19010	5915
19012	13547
19017	9498
19018	8087
19021	10558
19022	17791
19026	15264
19030	16755
19032	3667
19039	67
19044	6744
19047	8011
19060	19466
19067	4123
19073	14489
19084	7274
19092	15952
19099	12906
19100	4423
19102	1896
19103	9252
19115	11400
19116	17518
19118	4830
19125	17343
19127	961
19128	207
19137	12653
19140	13022
19148	851
19150	10032
19151	16135
19152	16856
19160	14256
19162	14926
19169	12871
19173	5217
19179	11937
19183	7191
19184	8706
19190	4218
19192	2837
19199	5995
19201	1582
19204	11413
19206	8839
19213	3086
19215	699
19222	17278
19231	11576
19232	15079
19234	12822
19235	2771
19239	19449
19243	6792
19247	19699
19257	358
19269	6276
19273	16197
19274	14417
19280	12854
19281	17294
19282	11776
19288	11023
19290	14150
19292	9103
19294	3186
19297	15115
19304	16835
19311	14197
19315	9962
19318	6804
19319	1293
19326	1035
19333	1375
19334	15932
19337	4142
19350	11105
19358	9128
19367	12644
19374	11769
19378	3260
19380	17256
19385	17893
19391	11415
19397	9709
19398	17956
19401	14756
19403	16509
19406	10346
19422	17149
19426	8946
19429	5941
19443	4450
19444	15305
19448	9588
19453	18352
19460	15955
19461	340
19476	5060
19484	18074
19492	10657
19501	2282
19505	5916
19511	17509
19514	8709
19515	13920
19523	1919
19524	4653
19526	11628
19527	14003
19528	17719
19532	13035
19536	2354
19545	4968
19552	1571
19559	17650
19561	8895
19565	7461
19571	8694
19575	19659
19576	10679
19577	12863
19580	3111
19582	7712
19585	8827
19586	4965
19598	5282
19599	6633
19600	19059
19602	10791
19604	18298
19607	3752
19611	9550
19614	16584
19615	13678
19616	11151
19620	4660
19621	16816
19628	15550
19631	16827
19633	13670
19639	11594
19644	12721
19647	9031
19652	12595
19653	2468
19656	10026
19657	7897
19674	6448
19675	8667
19677	31
19682	8898
19696	15252
19697	8124
19704	3743
19722	18607
19724	18708
19729	16298
19736	19456
19737	8532
19742	9814
19747	6243
19752	14893
19754	19669
19762	14056
19767	108
19769	16510
19774	3519
19778	13887
19784	5010
19786	7325
19801	13806
19803	19265
19808	3248
19810	5411
19811	3953
19812	15533
19813	14344
