5	15446
8	8917
16	1698
22	19555
27	8659
28	16645
36	13372
43	13442
46	17432
62	19663
63	14178
69	12404
78	8824
85	7738
92	6217
97	13192
99	15713
101	16457
105	7329
106	9584
110	6348
119	3031
120	5745
123	4256
129	8499
130	13129
131	6343
139	17156
145	18251
149	19559
159	16863
160	2542
169	19942
170	7268
173	16330
179	4453
183	14659
185	7806
186	1211
187	3138
189	6084
190	18503
192	3576
198	9831
207	6792
210	14715
216	13005
217	14735
218	70
219	6030
220	11217
232	14334
240	14701
241	16668
244	6951
246	5198
247	19595
251	10137
255	13631
259	9227
264	8061
273	14033
287	14253
289	17765
292	7969
294	1339
304	5396
308	10539
313	13499
315	8078
316	17519
324	12455
333	6836
337	12683
338	3536
342	5161
347	5937
350	9403
351	7159
353	18978
354	1393
355	703
359	10825
362	16656
363	4709
365	10419
378	2111
380	11955
381	7365
386	18808
389	14742
392	2915
394	630
396	6106
399	11669
401	7552
409	4789
413	15380
414	11983
420	16275
422	1018
433	14582
435	11727
436	10223
437	1895
438	17576
446	10311
447	9359
454	14276
460	11125
461	6025
470	2574
477	13042
478	5516
482	18355
486	17193
488	15529
489	16510
494	1626
497	1965
502	14164
503	16444
504	7508
508	18231
512	8601
517	13416
519	8619
522	13918
529	12935
530	18384
532	19354
537	5866
539	9590
540	1716
554	9457
556	10068
559	17910
561	19115
569	7940
577	13768
582	10868
587	17672
592	17191
594	7165
598	1474
601	4086
602	7476
604	17879
616	10589
632	13653
637	9072
645	13450
656	3058
657	3198
665	9532
677	3860
678	14543
689	792
691	12539
697	10514
699	11129
709	687
713	19225
724	6705
729	15371
732	2197
733	19313
734	11832
736	471
737	4691
740	311
743	18420
748	2511
750	11376
751	19718
752	182
753	4987
768	13448
771	4351
773	5630
783	11211
785	2985
789	18953
791	17137
793	15674
802	12885
803	15068
804	7364
809	10449
810	14013
825	14014
827	7087
829	17861
830	6433
843	15345
845	287
848	363
857	9473
858	14018
860	3740
863	2435
868	701
869	7993
875	13683
878	4777
885	4334
895	2084
897	1383
901	17052
906	6660
908	4531
911	8561
922	560
929	16545
932	7836
937	16626
940	17465
941	2759
943	12295
949	11657
955	9913
956	4263
960	9508
961	238
964	13235
965	2138
967	10538
975	10814
979	6128
988	8638
994	12625
995	8722
996	17162
1000	17585
1004	18364
1005	13668
1013	637
1017	270
1021	15118
1022	7583
1023	17469
1040	19193
1044	6693
1045	1495
1054	9389
1062	10501
1064	2820
1066	4069
1067	19369
1080	1925
1083	15276
1091	3859
1099	13904
1102	4671
1104	17194
1105	16382
1106	3094
1112	11949
1113	4771
1121	12136
1122	517
1123	744
1124	913
1127	14275
1129	19310
1132	11624
1133	8225
1144	7741
1146	6486
1148	15611
1153	6139
1158	14080
1162	12423
1170	10391
1171	14617
1176	2660
1178	9070
1183	12948
1185	15159
1187	19647
1192	8545
1198	6757
1201	10620
1207	17170
1209	3139
1211	12352
1212	7401
1214	3619
1216	1800
1217	12110
1219	13040
1225	16944
1227	8156
1231	13303
1238	339
1242	17249
1243	8771
1246	18534
1247	11032
1249	6841
1257	8112
1260	17568
1269	19963
1270	15945
1271	17043
1276	17693
1280	16482
1281	11389
1294	10876
1297	4202
1303	12331
1305	19653
1306	12062
1309	10595
1315	12623
1325	14603
1329	7531
1332	6848
1338	10635
1345	9554
1348	1409
1354	2041
1356	9616
1357	19447
1360	6981
1369	18991
1373	11924
1374	4715
1375	16232
1385	12059
1393	1888
1394	10954
1404	5852
1413	11794
1415	30
1420	9678
1422	15006
1424	2917
1427	18559
1430	12249
1433	1394
1434	11345
1435	15155
1444	5675
1452	611
1462	6283
1470	12783
1479	19873
1485	9969
1486	18408
1491	10394
1495	15950
1497	19650
1501	791
1504	1037
1512	1577
1513	7570
1519	15915
1522	12017
1528	15043
1529	16226
1533	8992
1537	14940
1538	12997
1539	226
1550	17047
1558	10922
1560	6137
1563	19445
1579	19820
1580	5212
1602	15304
1606	7455
1609	5659
1611	4563
1612	9586
1613	12859
1614	1734
1615	12744
1621	8847
1622	264
1624	19018
1632	1072
1635	4772
1636	12601
1650	17598
1653	15762
1658	10664
1659	763
1660	7787
1665	5411
1666	17348
1668	16258
1676	15841
1683	11035
1684	16392
1687	1437
1689	495
1704	9928
1705	8388
1713	13798
1718	11857
1724	15294
1731	11335
1733	10712
1740	4591
1747	17408
1748	1303
1752	15090
1761	8473
1763	6846
1764	6766
1774	2096
1778	15328
1796	475
1797	4470
1798	13605
1806	2568
1807	9966
1819	19970
1822	6440
1824	486
1826	54
1830	6679
1831	4180
1836	5371
1846	15200
1848	4970
1849	12971
1852	598
1866	11665
1867	19255
1872	10809
1882	7733
1884	4006
1887	19811
1893	12480
1897	5990
1907	3357
1911	2223
1923	13029
1928	4728
1932	15096
1937	7651
1950	1815
1951	5770
1955	7107
1958	16274
1962	16556
1965	8233
1970	18128
1971	2360
1972	10335
1987	9454
1991	14459
1995	13203
2003	9074
2004	3131
2007	9032
2012	17461
2013	12749
2015	5304
2016	15909
2019	9863
2020	7828
2025	7947
2026	14374
2062	3578
2066	6563
2073	19505
2077	436
2081	528
2096	3190
2102	15114
2104	10852
2108	19174
2110	8344
2111	15918
2112	14495
2119	14886
2124	3009
2129	4708
2130	12523
2131	17181
2138	5262
2143	6342
2146	9968
2147	4842
2148	76
2157	15638
2164	2355
2167	3051
2169	3480
2171	14103
2174	18899
2184	5528
2195	4417
2199	18878
2210	2895
2211	7726
2215	6219
2218	17878
2226	11015
2236	5744
2243	8007
2245	14945
2248	17527
2252	17259
2256	13666
2261	8942
2262	784
2263	12685
2268	8757
2275	2215
2282	11637
2287	8707
2288	11988
2292	15698
2293	13180
2294	899
2295	11256
2300	16185
2301	14986
2305	8036
2322	2057
2331	4631
2336	16068
2337	1643
2343	5424
2353	6899
2358	15790
2362	9824
2364	19578
2373	13695
2374	19159
2376	1216
2385	16462
2386	5203
2394	16341
2404	14829
2406	6409
2412	11228
2417	16520
2422	3280
2428	5549
2433	11867
2438	10715
2445	4513
2446	12000
2447	6477
2448	5526
2450	8695
2455	16096
2466	14090
2467	988
2469	6300
2472	7899
2474	17124
2476	6038
2478	7516
2488	112
2492	19107
2493	1648
2494	230
2510	4743
2512	19289
2514	12889
2517	14207
2522	11330
2523	13056
2525	2947
2526	3749
2539	16820
2541	2370
2551	6437
2554	14422
2562	3101
2563	9312
2573	5470
2577	11521
2582	8829
2585	8682
2588	12802
2591	5979
2592	12107
2597	15885
2600	13438
2604	9579
2605	8553
2608	16208
2609	13012
2610	18433
2614	6884
2616	17520
2627	8898
2631	7013
2632	14514
2641	15390
2642	1055
2645	19243
2646	12746
2649	9335
2655	12214
2662	11738
2671	16949
2683	15779
2689	6534
2698	7350
2701	16318
2702	1332
2704	1057
2714	19590
2715	12692
2722	17062
2729	5612
2741	8837
2750	7994
2752	16945
2753	2350
2754	15396
2763	165
2770	12840
2771	10597
2774	1868
2784	7742
2803	8067
2806	7956
2807	1174
2816	15826
2832	11743
2834	6758
2835	5888
2844	17998
2846	13571
2849	5952
2850	8599
2853	18623
2855	18041
2856	5968
2858	16737
2862	12079
2864	2752
2865	6719
2886	10665
2887	9460
2891	17655
2893	7505
2899	3305
2901	19111
2905	3745
2909	6475
2911	16270
2917	2076
2927	13934
2930	12066
2936	14092
2946	6020
2947	19973
2958	4981
2959	5156
2960	7782
2970	3110
2974	1215
2977	12339
2978	17237
2979	6859
2985	7541
2991	10316
2992	11117
3002	10763
3003	11789
3009	4967
3013	13090
3027	17637
3037	17834
3043	3839
3044	16776
3054	12053
3058	13929
3062	574
3067	9387
3068	18060
3071	8487
3072	14960
3074	4002
3081	12451
3083	581
3093	16336
3098	15833
3104	16732
3106	7280
3110	305
3112	19903
3117	4961
3118	12180
3122	11981
3126	4438
3133	15899
3137	12332
3138	18687
3139	15045
3140	561
3142	8756
3146	15707
3148	13
3151	11689
3153	18378
3161	6525
3163	7257
3164	9938
3171	13755
3177	4946
3182	2598
3189	13070
3195	11235
3201	1687
3220	7247
3221	9889
3233	10079
3237	15058
3248	9152
3258	18643
3269	18101
3270	14484
3273	10380
3274	16590
3275	12263
3277	5257
3278	11522
3282	8977
3288	10874
3291	11603
3293	17756
3294	11642
3302	10821
3305	3438
3306	11154
3307	15758
3317	16600
3318	10338
3335	3090
3336	7263
3342	10605
3343	15156
3344	15566
3345	18965
3349	4361
3362	762
3372	9825
3379	16835
3380	13558
3383	1830
3389	12705
3391	18648
3392	15579
3393	16136
3394	14757
3413	16220
3421	18721
3423	13275
3425	8527
3426	9207
3430	1953
3432	4675
3434	16871
3441	19187
3448	18583
3452	12534
3460	4934
3461	8258
3463	16239
3464	18680
3465	10286
3473	13071
3477	18576
3483	6965
3494	18900
3506	6744
3510	11075
3513	12853
3523	2815
3531	8448
3532	17146
3537	3047
3538	11517
3539	5839
3546	9540
3550	19091
3555	17897
3556	17957
3557	19362
3561	11151
3564	19468
3565	9748
3567	1959
3571	12745
3575	18393
3579	1724
3585	2218
3592	13700
3593	12169
3597	19928
3607	10770
3616	8441
3619	17634
3622	7970
3623	8124
3630	12502
3631	903
3637	3637
3638	14908
3645	8173
3646	3084
3657	17486
3662	2775
3674	12196
3688	2760
3691	7077
3698	13016
3718	1105
3719	5546
3723	18380
3728	9431
3731	4542
3732	18218
3733	3474
3736	19386
3738	4296
3748	16417
3751	7996
3758	19503
3760	16910
3762	17582
3773	2000
3774	3416
3779	14106
3780	19930
3781	1304
3791	6246
3798	11311
3807	12050
3809	11767
3814	1345
3816	11212
3817	3091
3818	12055
3822	10735
3824	8019
3826	6779
3828	5905
3829	943
3831	19245
3837	15299
3838	14213
3842	6324
3844	12405
3846	1178
3858	14445
3862	11027
3865	18933
3871	836
3872	17821
3873	11978
3874	9122
3876	14696
3878	18379
3880	3857
3888	4224
3891	8782
3897	6747
3898	7325
3903	3941
3910	19670
3913	17494
3914	4125
3918	12897
3919	16044
3920	17948
3922	7881
3927	14894
3928	12151
3930	7713
3934	9716
3938	9180
3940	4808
3943	252
3945	16581
3949	14052
3950	3777
3954	12277
3956	13959
3960	14402
3961	18774
3963	5782
3964	12732
3976	900
3979	7356
3980	12274
3984	13940
3986	1879
3988	13183
3992	2036
3994	8799
3996	10790
3997	3250
4002	17443
4014	13540
4017	2184
4028	11144
4034	16139
4037	5661
4040	15433
4042	8961
4047	10395
4050	17350
4058	14000
4061	5829
4064	7256
4066	18403
4082	17209
4086	16811
4104	9399
4105	2269
4116	10901
4121	7002
4126	4299
4129	10634
4133	17555
4135	1209
4141	7845
4143	7744
4144	9603
4148	14404
4149	1676
4150	3855
4151	17231
4155	18569
4156	17310
4166	220
4168	19797
4174	12701
4175	209
4190	18167
4193	5232
4195	18243
4197	8980
4200	13075
4207	9983
4218	3498
4223	8022
4225	277
4228	10445
4229	6896
4232	11745
4233	8588
4234	13226
4241	3773
4249	12769
4256	11422
4262	8312
4266	7587
4267	3203
4268	3654
4269	19901
4273	15756
4291	6064
4309	452
4310	19329
4316	5068
4325	10328
4326	2141
4329	17290
4330	13991
4333	4350
4334	4031
4335	13978
4337	2333
4348	19152
4356	7795
4357	2949
4358	10510
4362	17471
4363	6088
4365	9630
4374	17033
4378	15629
4383	19240
4387	10962
4398	6927
4402	6200
4405	16480
4413	17367
4415	9529
4425	4862
4429	3521
4433	3996
4437	12583
4444	13781
4448	12487
4453	5869
4456	12305
4457	2972
4459	11391
4461	10813
4468	17382
4475	9341
4476	1271
4477	2873
4478	16843
4482	11164
4487	2210
4490	7460
4493	516
4496	8449
4499	14002
4500	10073
4503	14740
4505	4627
4506	19438
4509	13545
4510	17505
4524	13161
4525	15573
4526	7361
4536	19671
4540	1918
4555	18941
4557	19512
4558	11451
4563	4018
4566	8562
4569	8974
4570	12003
4572	8678
4574	11046
4580	9671
4588	8367
4589	8981
4590	12327
4595	18323
4604	1647
4610	16199
4612	18938
4632	16412
4633	5218
4639	634
4640	9657
4641	12559
4645	15069
4651	2441
4652	5073
4658	7444
4659	2550
4663	15594
4667	11638
4679	5572
4680	16472
4682	6822
4694	9001
4695	12443
4702	1045
4709	13994
4715	4590
4719	6945
4721	2222
4725	5975
4732	2770
4733	6862
4738	17712
4739	13773
4755	11904
4759	1597
4762	17330
4768	932
4772	17702
4775	17110
4778	723
4785	18126
4786	17607
4788	1123
4792	18937
4793	8146
4802	4937
4803	9253
4804	16206
4805	11686
4807	10976
4813	11110
4815	5302
4818	5880
4825	17741
4826	16838
4830	10550
4834	4804
4838	13239
4846	4071
4851	1695
4852	6532
4858	10721
4866	9850
4874	3
4877	19162
4879	17963
4881	12879
4883	12292
4887	11183
4890	2796
4891	18814
4904	2950
4906	1189
4909	1801
4911	3194
4913	4986
4916	1172
4917	12871
4921	1554
4923	10939
4925	17666
4931	5294
4933	10929
4941	4759
4948	15140
4951	1493
4957	17591
4966	10677
4969	6194
4980	7376
4985	13822
4989	17084
4996	2278
4998	6764
4999	15543
5003	12312
5005	8152
5008	7788
5016	15064
5017	14308
5019	4004
5024	19178
5025	5107
5031	8818
5041	14604
5063	2080
5066	16715
5067	1090
5068	3608
5079	1549
5088	11996
5091	19543
5097	17222
5100	1605
5106	6655
5110	19580
5114	10516
5118	7860
5120	9036
5122	12593
5123	2331
5138	203
5140	11249
5147	7644
5150	14584
5160	12120
5163	19563
5165	1089
5166	15083
5168	19613
5171	2747
5176	11805
5187	17030
5188	7425
5198	7158
5200	17279
5210	2409
5213	1291
5222	32
5225	2220
5226	17507
5227	13765
5228	17518
5229	11927
5230	14226
5239	4766
5243	19528
5249	8192
5250	13077
5252	1993
5259	3971
5260	19816
5265	14630
5268	1557
5270	1472
5271	17299
5279	2287
5280	16526
5303	16744
5307	8272
5310	11434
5315	10069
5322	7756
5323	4532
5329	18709
5331	5271
5343	8591
5355	5919
5358	2694
5372	9613
5375	14343
5377	11236
5379	17315
5383	10151
5384	10979
5387	19888
5400	12401
5406	5547
5407	8017
5420	7315
5421	11255
5425	231
5427	15639
5429	12921
5435	5587
5439	9123
5442	2646
5454	11225
5455	15576
5457	7800
5459	10065
5463	13702
5467	19867
5468	12863
5469	18662
5473	8875
5486	766
5491	10722
5502	11258
5520	19125
5526	18288
5532	19328
5536	8360
5537	1593
5538	2607
5548	17417
5550	11358
5551	3872
5554	6434
5559	15741
5560	2529
5564	18575
5571	17048
5575	2587
5576	11304
5577	3488
5582	5485
5586	8511
5593	8896
5596	18480
5604	6621
5605	18365
5608	14425
5610	9098
5613	18395
5619	13582
5627	2101
5638	3631
5641	14834
5644	19856
5646	8275
5654	18130
5656	18851
5662	9240
5671	2133
5676	15088
5687	18034
5690	6425
5693	11753
5695	3022
5696	1816
5705	14841
5708	3391
5710	18708
5711	14273
5718	2521
5719	15023
5720	17000
5722	3120
5725	13050
5731	7147
5732	11629
5737	4703
5746	7814
5748	12694
5755	2635
5758	4434
5762	1798
5763	1517
5770	11023
5776	13698
5784	18001
5785	7584
5786	2954
5790	11150
5791	10927
5797	3720
5815	1471
5819	2319
5821	4516
5827	13304
5828	2415
5841	17524
5843	19202
5845	11798
5849	7319
5852	13139
5853	9225
5854	6389
5861	4915
5863	17297
5869	15988
5870	10180
5885	13126
5888	13706
5892	9157
5900	2417
5904	4683
5909	17954
5912	8690
5913	9585
5926	7827
5928	7780
5933	3442
5934	17995
5939	9134
5942	6218
5946	16717
5957	3920
5961	6213
5966	1381
5975	5568
5976	11849
5977	19361
5987	1062
5992	18995
5993	11042
5995	2388
5997	6305
5999	7534
6000	5823
6002	14458
6015	8549
6018	8345
6020	13011
6022	1011
6029	13644
6030	1066
6032	11172
6035	9555
6037	13097
6046	14393
6047	15793
6051	13879
6056	9592
6057	15557
6063	12521
6078	9823
6085	137
6095	16493
6097	16662
6102	3456
6106	3073
6109	4844
6114	5781
6123	16779
6129	18649
6140	2382
6143	16798
6145	14230
6150	9138
6151	16951
6152	10972
6156	4892
6157	5980
6167	16375
6181	10601
6183	17863
6184	16159
6186	17888
6189	1019
6193	13544
6196	1652
6216	17743
6223	6710
6224	8910
6225	7641
6227	14726
6230	4322
6231	17060
6234	12967
6245	12468
6248	11131
6253	18418
6263	9623
6264	709
6274	47
6278	19588
6280	1759
6283	10482
6284	12348
6287	4115
6291	11520
6292	10290
6298	14835
6300	1320
6302	16842
6303	447
6310	14593
6313	9026
6314	3247
6317	2970
6331	6839
6333	14579
6341	2369
6347	5783
6351	10646
6352	6725
6363	11357
6366	12809
6372	12614
6376	12674
6380	16387
6387	13892
6393	59
6399	10455
6400	12475
6401	1275
6404	2558
6408	16599
6411	8189
6412	10782
6418	9307
6425	17600
6433	2708
6447	15979
6462	7177
6479	13987
6486	5204
6491	3321
6502	2877
6505	16026
6506	3954
6513	9093
6517	13325
6524	15972
6526	6796
6529	13417
6531	8217
6540	9400
6555	79
6561	4557
6567	13874
6570	2408
6574	895
6576	16501
6581	3887
6585	15416
6594	1087
6598	11365
6609	15686
6614	14041
6618	11595
6619	7884
6620	5574
6623	8316
6629	8803
6631	4952
6633	8777
6637	11766
6641	7239
6646	6006
6647	13670
6649	10524
6657	17799
6666	13568
6670	4508
6676	15889
6677	9908
6679	13008
6681	11473
6683	15133
6684	13875
6685	7524
6690	14378
6691	11802
6694	278
6697	15976
6699	12580
6701	10568
6704	11919
6724	8419
6736	16906
6738	9159
6742	17186
6744	16968
6757	4288
6758	643
6759	10828
6762	8967
6767	6261
6770	4242
6772	13900
6775	6607
6776	9741
6777	13357
6784	9869
6791	18394
6793	19021
6798	14515
6810	2767
6813	1371
6814	8797
6818	9580
6821	10751
6825	14114
6836	2912
6837	3036
6841	9445
6844	4059
6847	7486
6849	14913
6854	10577
6862	4528
6865	10136
6870	14562
6879	10446
6883	14391
6889	19777
6895	12903
6899	13109
6909	4300
6913	18818
6914	15636
6916	7807
6918	1677
6919	13597
6920	3077
6921	5403
6922	3155
6928	2325
6929	4268
6930	16670
6937	14140
6938	7654
6940	4105
6946	851
6949	13096
6950	19075
6958	11303
6962	19049
6966	9691
6970	15924
6971	82
6972	17229
6978	3108
6979	1116
6983	12190
6984	12261
6987	2957
6988	6729
6998	5811
6999	13524
7001	6616
7002	12284
7003	13588
7004	10569
7005	17885
7007	12882
7008	12656
7013	4412
7021	443
7022	6488
7031	3647
7032	11403
7034	4861
7039	16474
7044	5239
7045	11157
7046	5444
7047	4368
7050	10296
7052	14852
7055	4658
7058	5956
7063	16118
7065	9646
7066	14784
7073	10013
7074	14708
7076	5268
7078	11261
7079	8946
7080	18464
7082	7388
7085	14982
7090	370
7092	9214
7093	14011
7094	2276
7104	18535
7108	7832
7109	13854
7119	12396
7121	19870
7122	3178
7132	14657
7144	4040
7146	3143
7154	1408
7155	19214
7161	2663
7167	2534
7176	9413
7178	3668
7184	5049
7187	3428
7189	15751
7194	1010
7206	17001
7208	15151
7210	18545
7211	12351
7212	11312
7221	18748
7225	10466
7235	14211
7246	13574
7248	2451
7253	4126
7266	19391
7269	15350
7271	5423
7278	15702
7280	10181
7281	5397
7283	15620
7299	12861
7303	16310
7309	16978
7311	6575
7323	7138
7326	7728
7327	15617
7329	18212
7333	19167
7335	1841
7336	19005
7341	18512
7347	16189
7356	18108
7359	7888
7363	5333
7364	5848
7375	3333
7377	18725
7385	5891
7392	18407
7398	17311
7399	720
7442	18199
7446	13028
7448	2817
7450	3989
7455	860
7458	11388
7465	12519
7467	18540
7469	19364
7470	11107
7478	18080
7480	5280
7484	18451
7486	16938
7492	3798
7494	7470
7498	13691
7500	17171
7501	11578
7508	12865
7509	17827
7510	1188
7513	14310
7521	15185
7522	10443
7530	15816
7533	11993
7536	8313
7537	16658
7538	1136
7542	14100
7546	2257
7556	8185
7561	13288
7566	3197
7571	18356
7583	11177
7590	14654
7591	19276
7597	1108
7602	17280
7604	14304
7607	19638
7611	3819
7613	9840
7618	4290
7624	19197
7632	17933
7634	4347
7636	18079
7637	18460
7643	13201
7645	1530
7648	11105
7649	11419
7654	17512
7658	12545
7661	9551
7665	17638
7668	13189
7678	2827
7680	13862
7692	11885
7704	10298
7709	17539
7712	19792
7715	3066
7718	18805
7723	15202
7726	6411
7730	12210
7731	12707
7736	14743
7743	14882
7748	8405
7750	4695
7751	19397
7759	13763
7764	10287
7771	9727
7776	7606
7779	13811
7781	12862
7785	1317
7787	12115
7816	4572
7820	8323
7822	8465
7825	2267
7828	16346
7832	3434
7834	10836
7839	14512
7846	8256
7851	8407
7852	6639
7858	8077
7862	16616
7864	16403
7879	3290
7880	16527
7882	15012
7894	16822
7895	9293
7907	3753
7914	558
7924	9481
7928	16648
7930	9998
7932	4857
7933	5263
7938	16498
7942	17877
7946	19742
7952	16193
7953	7675
7956	17596
7959	6804
7964	1686
7965	7207
7966	2479
7967	16540
7973	10994
7975	2169
7978	11985
7981	9232
7987	17148
7988	14706
7994	18102
7996	8548
7999	7980
8000	9541
8003	16954
8008	18005
8009	15275
8012	4468
8016	8340
8025	8941
8034	16917
8043	17964
8046	15451
8053	4197
8055	6466
8057	10997
8062	5740
8065	7610
8071	7799
8074	5348
8078	18330
8079	13982
8084	8338
8085	8361
8086	11731
8092	7937
8095	4515
8097	12129
8098	17754
8105	17077
8106	15491
8110	12322
8114	14953
8117	8641
8121	10468
8124	16421
8128	17369
8130	10386
8132	4339
8133	10280
8145	12233
8151	16555
8154	13272
8159	2045
8163	13410
8168	11308
8172	19000
8185	2443
8190	11058
8202	10300
8203	17349
8204	7194
8206	14455
8209	464
8213	15236
8223	1887
8227	9183
8230	4753
8242	18519
8243	16622
8250	16252
8252	18402
8257	15220
8259	11853
8266	9645
8268	8864
8271	18268
8276	7064
8281	14183
8287	5018
8290	17398
8305	13832
8308	3825
8309	2245
8311	15167
8312	4405
8319	660
8322	7150
8327	11788
8330	17206
8332	492
8339	9470
8345	5815
8347	16904
8350	3117
8352	16305
8353	9525
8358	18866
8360	7847
8361	14055
8365	17267
8366	18936
8376	366
8378	9601
8382	6315
8384	6447
8395	9442
8402	12090
8408	16591
8429	7230
8430	17763
8432	13591
8440	5944
8441	9827
8443	9621
8445	13234
8452	15066
8458	2639
8459	3940
8464	9456
8469	8240
8470	16888
8471	7520
8478	742
8480	912
8490	17225
8493	1255
8499	3973
8504	14850
8507	225
8511	16609
8512	9746
8515	14197
8524	10703
8536	16487
8538	18090
8540	13843
8544	525
8545	5039
8555	16889
8559	5554
8566	2859
8574	14296
8578	7913
8582	16775
8591	12621
8592	5859
8609	455
8612	12648
8615	2469
8617	1745
8618	5090
8620	14354
8625	13669
8633	12791
8635	3098
8638	16110
8640	13348
8641	2641
8654	95
8669	11974
8671	4096
8672	4177
8678	17751
8680	1032
8691	7374
8692	13625
8698	13140
8713	7477
8717	18271
8723	11560
8730	11844
8733	2293
8736	12761
8737	13871
8741	14705
8743	3439
8746	16211
8751	66
8761	9780
8763	16959
8765	2211
8772	13037
8776	5052
8784	8687
8785	14050
8786	12538
8787	5620
8788	14577
8792	8508
8793	12644
8794	902
8795	18827
8796	2556
8799	17248
8806	11435
8808	14218
8820	11404
8821	6686
8822	15782
8825	6152
8826	6585
8828	3981
8847	16740
8848	1501
8852	19513
8853	3267
8862	14001
8865	7160
8866	19116
8869	2455
8880	17409
8881	2840
8888	14533
8892	6489
8898	3493
8899	12399
8905	4328
8907	1159
8912	8540
8913	16542
8928	4265
8929	7846
8930	12589
8934	17383
8939	14297
8941	14332
8944	18400
8948	6195
8950	9333
8951	7341
8953	15567
8956	5374
8961	14573
8962	15828
8966	6976
8972	16734
8974	14279
8975	6470
8981	4601
8985	16228
8987	13846
8988	7797
8992	4714
8999	12341
9007	10801
9010	3383
9019	9982
9021	5681
9026	16886
9034	16282
9035	13520
9036	281
9041	11768
9046	8957
9049	8809
9050	10042
9057	1005
9060	15921
9067	5468
9070	19798
9073	7608
9076	12803
9080	389
9092	16161
9095	18974
9100	8988
9102	6920
9108	12299
9113	11527
9121	288
9122	12927
9123	14361
9126	2518
9133	5542
9137	15685
9140	5648
9149	6778
9156	19359
9158	9986
9160	6995
9174	10056
9176	5368
9178	8956
9181	2942
9184	12012
9185	3615
9187	8271
9191	2920
9193	700
9194	2204
9204	17491
9205	10028
9207	961
9208	16534
9214	671
9215	13512
9220	15840
9226	10230
9232	9096
9233	8292
9234	8642
9237	13078
9238	11306
9243	18235
9246	19935
9249	19976
9252	8990
9254	1260
9257	15541
9276	8605
9280	3390
9285	19886
9289	12270
9294	16267
9299	6054
9300	3144
9303	8559
9309	18758
9315	10140
9320	11086
9326	595
9333	12482
9334	4272
9335	8622
9339	6223
9348	5011
9349	12613
9352	17599
9357	1782
9360	12529
9363	13893
9365	8372
9367	13345
9371	6627
9378	9371
9379	1173
9386	10714
9390	6374
9392	10301
9404	19077
9409	10520
9411	7949
9412	14433
9418	8663
9419	19835
9423	15400
9428	10413
9437	4757
9438	2003
9440	6790
9442	17918
9454	402
9457	4239
9467	16960
9468	5513
9469	12721
9481	13857
9482	13154
9493	6987
9494	173
9498	15331
9503	12142
9507	2590
9514	19855
9516	13459
9525	16660
9534	10719
9536	16791
9542	6579
9543	14793
9545	10333
9548	12520
9552	3018
9554	2870
9557	1457
9565	16997
9570	14670
9573	19015
9582	9469
9583	864
9584	16272
9593	17211
9595	19986
9596	1439
9607	7711
9609	11270
9614	4867
9617	15355
9618	17908
9623	19952
9624	5474
9627	13043
9632	16902
9635	657
9636	12774
9641	4737
9642	7652
9653	11233
9656	17038
9659	6609
9674	16890
9678	1141
9688	19491
9690	1122
9698	5885
9704	7168
9705	12955
9708	3905
9709	15975
9712	18969
9713	19007
9716	19201
9727	8289
9728	7083
9732	9386
9733	14775
9734	11787
9749	8983
9750	9220
9758	11281
9761	4635
9770	9846
9771	4295
9779	13425
9782	8498
9784	7369
9789	15452
9793	15056
9800	6142
9801	8816
9802	12389
9809	11995
9817	13941
9822	10884
9837	1302
9838	6189
9839	8999
9843	19921
9844	9136
9851	11034
9854	6670
9860	18097
9862	16411
9869	19062
9877	7011
9880	14196
9881	5948
9884	10082
9895	19522
9896	2849
9902	4547
9906	9222
9911	18067
9912	1337
9914	11081
9921	8940
9928	18944
9934	9920
9939	2624
9943	6388
9945	8650
9946	9172
9953	18833
9954	10119
9963	2819
9964	10490
9973	17167
9975	995
9977	5028
9979	18885
9980	7754
9989	5850
10003	4155
10007	11299
10013	15706
10014	17734
10016	19701
10021	4543
10023	17829
10035	15806
10038	9617
10039	14639
10042	5931
10044	12397
10047	8872
10048	19127
10057	10593
10060	5136
10067	14081
10082	1203
10085	19340
10089	16789
10091	2758
10101	3737
10105	14941
10106	12515
10110	2146
10112	7841
10116	15934
10126	11307
10127	9233
10128	15178
10133	4571
10137	18417
10139	18746
10145	19779
10147	514
10152	16675
10154	12965
10160	12282
10161	11126
10167	16535
10168	13617
10171	491
10177	13299
10178	16357
10181	5608
10183	18663
10185	11139
10186	2174
10189	15514
10190	12675
10196	19672
10199	3168
10200	4552
10202	11523
10205	7669
10208	3646
10210	11675
10211	9944
10212	8286
10214	18098
10216	10779
10219	14321
10222	18664
10240	4740
10243	19602
10248	16365
10249	538
10252	17490
10258	6916
10259	15119
10263	8353
10275	15347
10276	4692
10277	1469
10286	17446
10288	3783
10292	5019
10293	8715
10296	1516
10298	4525
10312	18893
10314	8969
10316	9970
10321	15530
10324	803
10327	16210
10329	590
10335	2463
10336	18347
10340	4100
10345	2655
10349	7653
10359	5702
10361	6656
10365	7242
10366	12201
10367	2313
10392	9500
10397	13117
10401	17586
10402	8331
10404	3265
10413	9820
10417	12839
10427	12957
10432	9255
10442	5336
10447	11241
10451	11072
10482	14916
10487	5010
10493	1351
10500	2924
10503	18894
10504	16862
10508	16376
10527	6281
10530	5690
10536	3622
10540	18343
10541	6224
10548	18121
10553	14902
10555	212
10568	10830
10572	16908
10575	14468
10579	2504
10581	15333
10589	13132
10593	18332
10596	16338
10603	10120
10608	12417
10615	8534
10617	8128
10620	4812
10622	8943
10623	8532
10629	16236
10630	18785
10631	15689
10632	13999
10638	3529
10640	10800
10652	10058
10668	14447
10669	16749
10670	12355
10675	1562
10677	1109
10679	17050
10680	8536
10690	71
10694	4198
10698	17791
10706	6454
10713	2399
10714	4264
10715	12785
10716	9602
10721	16359
10730	10574
10733	866
10735	7936
10736	4473
10739	16470
10754	2030
10755	17738
10764	2117
10766	15348
10772	10001
10780	17890
10788	12019
10789	11563
10794	684
10795	2981
10802	14223
10804	2302
10809	10109
10811	10652
10813	10784
10817	15747
10821	11614
10824	19685
10827	3060
10829	17647
10830	16174
10835	17619
10837	8237
10840	17385
10847	8381
10848	15588
10849	18368
10850	18562
10851	1477
10862	13229
10863	18957
10867	17776
10872	2078
10873	1786
10877	14364
10878	6939
10880	18695
10882	3504
10885	3164
10887	6229
10893	7614
10896	5296
10897	17654
10903	2151
10906	19776
10913	2714
10914	26
10919	16050
10920	4795
10924	4977
10929	12358
10930	12753
10934	3342
10937	9575
10939	12987
10940	2229
10946	4039
10949	14828
10952	18574
10953	16780
10955	5400
10957	7055
10961	19459
10962	9004
10964	293
10966	7553
10971	7971
10972	9696
10974	3847
10987	8874
10990	15297
11003	10933
11024	11147
11033	1006
11034	19887
11035	13073
11036	6144
11037	19705
11049	5322
11051	1054
11052	2952
11057	8113
11064	11013
11065	12995
11072	1368
11074	16524
11075	2625
11079	11243
11081	15033
11086	12729
11088	12667
11090	7403
11099	4726
11102	291
11108	3835
11115	440
11121	421
11141	17204
11149	13899
11150	15134
11161	17116
11165	6369
11177	19620
11183	4446
11186	16229
11192	10753
11196	6856
11198	718
11201	9325
11215	2626
11231	13358
11237	2065
11246	17935
11261	2516
11267	3797
11268	1755
11276	5088
11277	10552
11282	14246
11295	3133
11296	10292
11299	5527
11300	6921
11304	4271
11305	5349
11307	13111
11310	8688
11313	8084
11316	386
11320	6937
11327	3649
11331	19453
11333	14247
11345	17976
11351	11002
11353	8195
11356	3325
11359	18644
11362	7657
11371	1014
11372	8021
11378	12741
11402	15766
11416	14989
11419	6220
11425	15323
11429	11328
11430	11947
11433	14810
11450	12831
11453	14264
11455	16499
11458	2901
11462	15877
11463	77
11467	3611
11472	10934
11480	12886
11482	10190
11483	11242
11490	8525
11494	14632
11497	9736
11500	17664
11501	10734
11503	7183
11504	10858
11507	6515
11511	618
11523	19092
11526	15242
11532	6145
11535	19819
11536	15768
11537	19880
11541	11342
11545	11870
11553	1985
11556	12970
11558	991
11565	14024
11566	4947
11574	12630
11581	16171
11589	2244
11591	19188
11593	11021
11597	14483
11598	7402
11601	6546
11602	8085
11611	19045
11612	17606
11617	6492
11632	19958
11633	6604
11634	9773
11639	10117
11642	5688
11650	764
11653	5357
11657	5940
11658	9684
11659	18863
11662	1377
11670	11246
11680	19905
11683	2541
11685	14244
11687	12022
11690	11632
11692	435
11701	9304
11708	4082
11709	7456
11714	15035
11718	12849
11721	2254
11722	19700
11723	2336
11724	2606
11726	8883
11731	8655
11737	18432
11754	18142
11756	37
11757	5840
11761	11297
11764	776
11771	10021
11772	10811
11776	4476
11777	8371
11779	6133
11789	5284
11790	9517
11791	114
11797	17705
11801	16471
11802	18769
11805	12416
11809	14351
11814	5481
11820	5329
11824	2523
11835	7191
11838	19132
11840	303
11847	4147
11851	2737
11855	14947
11856	11966
11857	9747
11867	17925
11872	4017
11874	15000
11877	12052
11879	11006
11886	17127
11888	7838
11890	12894
11894	3394
11902	258
11903	4354
11904	13130
11907	9681
11912	5438
11915	568
11923	5638
11924	14607
11931	63
11934	9141
11937	13338
11941	3372
11946	17801
11950	6671
11957	16124
11959	5106
11960	14518
11962	15270
11966	8501
11968	2265
11975	3537
11982	2017
11991	14060
11994	16894
11997	14128
12000	5687
12001	6866
12004	18322
12008	5152
12029	2721
12033	10631
12036	11827
12042	17168
12045	4599
12055	3625
12064	13713
12065	19694
12069	6505
12079	2462
12080	13966
12085	1067
12092	10738
12094	5794
12098	14462
12099	11511
12100	18635
12108	4313
12119	18610
12121	38
12125	7028
12131	15027
12132	15605
12133	12633
12144	5389
12146	7826
12151	2661
12157	12979
12158	7027
12166	2669
12169	1040
12170	3100
12172	17232
12180	11899
12181	18584
12184	19706
12189	15430
12198	1642
12203	17078
12211	348
12217	14803
12222	8982
12223	17522
12225	16207
12226	16295
12233	1987
12237	17919
12241	8159
12246	19078
12248	13920
12249	8737
12253	12082
12255	12410
12264	15683
12266	13454
12271	7443
12275	18247
12277	5282
12279	19315
12280	8418
12287	1600
12290	295
12292	17565
12293	15892
12294	12797
12298	16895
12300	13578
12307	7037
12311	3102
12313	6249
12317	12498
12319	12977
12325	4526
12335	17798
12336	19937
12337	504
12342	11049
12347	13227
12348	3112
12351	1307
12356	4885
12359	15106
12363	18783
12368	8383
12374	18882
12381	9016
12388	14939
12391	19782
12395	1252
12396	1487
12404	18341
12408	15495
12414	11041
12421	16700
12424	4267
12435	9427
12437	19394
12441	17979
12447	8068
12449	1663
12450	6273
12452	3676
12455	17975
12457	3800
12462	7348
12471	11488
12474	2515
12479	11274
12480	9666
12482	11423
12484	11868
12494	4735
12496	5443
12504	3689
12506	8408
12512	16213
12513	4989
12518	17729
12522	12906
12527	4000
12532	3595
12536	10594
12538	11585
12551	3377
12558	14012
12565	19884
12566	18745
12570	17724
12574	4783
12575	5821
12576	6079
12578	18813
12580	12477
12582	5074
12588	6815
12605	18053
12610	229
12613	17287
12614	18625
12615	11411
12631	14676
12641	622
12646	17252
12650	12497
12660	13612
12672	3266
12673	11325
12677	10451
12682	5748
12688	7407
12695	9148
12696	13953
12700	18075
12702	10871
12713	1547
12723	10222
12725	10020
12727	13537
12728	11760
12732	12807
12734	3451
12736	9662
12739	5089
12740	18919
12742	12130
12744	18303
12745	19009
12747	13859
12750	15450
12752	16605
12758	13026
12762	10353
12766	10228
12780	12569
12781	8911
12784	9215
12791	12581
12800	14645
12802	4615
12803	14511
12807	13895
12817	6714
12819	14864
12821	1657
12837	7854
12839	5071
12840	5552
12841	13917
12845	10080
12849	17902
12854	13760
12857	2810
12861	18795
12863	11492
12873	7689
12886	18217
12889	7180
12891	17202
12896	16227
12902	12787
12903	6720
12904	2692
12908	18073
12913	17063
12914	708
12920	5522
12923	17053
12924	11382
12926	6165
12927	14172
12939	7898
12942	16137
12943	10644
12950	2940
12960	5037
12962	17339
12968	7801
12976	15209
12979	8034
12983	7494
12985	7819
12996	9420
12999	42
13013	8793
13015	8484
13022	19433
13026	6728
13030	5062
13032	1319
13042	10832
13048	3785
13049	4052
13051	946
13052	16178
13057	8701
13058	17268
13059	10361
13065	5664
13072	18655
13077	6833
13081	14957
13083	2087
13085	18129
13094	10239
13095	8654
13096	9830
13097	4790
13108	9100
13109	15150
13110	15778
13112	12025
13116	5163
13117	5297
13121	2809
13122	9113
13124	1795
13125	6135
13128	5923
13133	5928
13134	6462
13137	8582
13141	15042
13144	19087
13148	2505
13151	11800
13154	1533
13160	17997
13162	15524
13164	11714
13170	13498
13173	4240
13174	4926
13175	19681
13179	9690
13180	7336
13188	14614
13190	2538
13192	3586
13198	1570
13201	8335
13203	9997
13205	6214
13215	14274
13218	12762
13235	1088
13239	7963
13249	12384
13258	469
13260	10063
13276	12146
13278	13955
13295	11203
13297	4345
13302	6892
13311	672
13314	14660
13318	14472
13321	11780
13322	14806
13327	444
13328	89
13335	18485
13343	13749
13351	8810
13357	6069
13359	11916
13370	12379
13371	15848
13372	11529
13375	17640
13377	9257
13378	17571
13380	15723
13381	10807
13385	10697
13392	2060
13394	7945
13399	18824
13401	19213
13405	7109
13406	9854
13409	5347
13411	806
13415	8087
13416	3128
13417	4991
13424	2918
13425	9905
13426	6544
13427	6299
13432	11153
13440	15977
13446	2357
13450	16130
13454	753
13456	15354
13460	4094
13469	4075
13472	9558
13480	2610
13495	7186
13498	13712
13499	7923
13502	1635
13504	18557
13508	18078
13519	10210
13528	16982
13532	17218
13539	19260
13541	2458
13546	18490
13548	7313
13553	16831
13557	5352
13567	14924
13568	4958
13569	15196
13581	14072
13582	12009
13584	10337
13588	719
13595	3870
13599	10637
13601	14532
13603	6789
13607	10531
13619	235
13624	18778
13626	18049
13631	3987
13632	19068
13638	14764
13642	8219
13643	468
13645	2332
13646	9815
13662	4172
13663	1550
13666	15094
13667	4392
13669	5537
13671	3227
13672	18741
13674	19592
13677	3449
13679	3751
13680	8781
13684	1382
13686	10898
13693	18163
13695	2697
13696	3370
13699	3779
13700	12424
13702	13926
13703	19756
13707	14714
13708	2250
13709	8451
13714	10773
13715	17558
13719	11222
13725	1403
13734	8764
13737	11894
13742	18696
13743	6230
13751	12617
13756	18945
13758	9695
13772	10931
13777	4012
13780	11679
13786	3079
13792	9786
13793	3541
13796	1990
13800	1300
13803	7452
13814	19033
13831	8936
13832	14349
13834	19200
13841	19185
13848	17557
13849	1742
13860	10279
13861	10928
13867	5706
13870	2777
13871	18861
13872	13560
13873	12337
13878	13901
13882	982
13885	7548
13887	9408
13888	11008
13892	16850
13900	10961
13901	15835
13909	7512
13913	11433
13916	4130
13922	13215
13930	9480
13940	321
13943	18440
13951	14205
13954	292
13956	1585
13962	18030
13966	1316
13974	576
13975	1740
13977	7538
13978	565
13979	6734
13981	7482
13987	10364
13990	7656
13993	12654
14000	5636
14004	17426
14013	1510
14031	8437
14036	15453
14037	5342
14039	12718
14045	4471
14046	620
14048	1047
14049	4280
14052	12251
14069	2903
14077	2243
14081	14652
14082	5874
14084	3716
14085	11416
14087	748
14091	1282
14092	18509
14096	16625
14107	12547
14108	14771
14111	8518
14114	15224
14131	10233
14132	12435
14134	18186
14137	13125
14140	5110
14146	7877
14149	13975
14156	19877
14157	6003
14161	16788
14167	15953
14169	14487
14172	8993
14173	11431
14176	10484
14178	9974
14181	19866
14182	10754
14186	19050
14187	10992
14194	18886
14196	9826
14199	4548
14202	17651
14203	11960
14206	5512
14210	15907
14222	17665
14228	3553
14230	19971
14231	13740
14236	11957
14237	4482
14238	1068
14239	5652
14242	16903
14244	6037
14245	7992
14255	2787
14257	18589
14258	6340
14259	6449
14261	11133
14270	4174
14271	15716
14272	4422
14273	2715
14274	14677
14281	17981
14289	13932
14290	19615
14296	7674
14298	2973
14299	13559
14300	5354
14309	5249
14316	9395
14322	18755
14323	10186
14334	7632
14336	11166
14340	13392
14352	9934
14368	10495
14370	14359
14371	12999
14372	3932
14375	3167
14378	19470
14385	652
14388	9593
14396	5286
14397	10863
14400	18313
14401	7111
14404	19189
14405	11500
14412	18091
14423	9750
14427	19508
14430	10780
14432	3403
14433	10747
14434	17394
14435	3788
14441	1272
14443	6931
14444	11070
14446	2691
14456	4886
14472	2119
14474	19949
14475	17670
14481	206
14486	15445
14494	13086
14501	1468
14505	17176
14506	13890
14507	256
14511	2183
14525	6377
14528	18074
14529	9503
14535	12334
14548	11029
14556	10824
14557	7187
14560	1640
14562	8891
14563	15175
14566	15732
14567	16055
14568	3734
14572	13220
14581	12537
14583	7611
14585	17680
14586	15283
14590	7668
14604	4337
14605	15214
14607	7732
14609	11326
14612	12823
14616	15802
14617	12686
14623	11633
14634	19882
14636	10033
14641	3057
14647	16132
14650	5014
14651	18270
14652	13179
14656	7459
14657	3551
14660	5936
14661	11030
14667	5440
14669	5759
14684	8387
14685	17938
14694	19783
14701	6806
14703	18401
14705	13881
14709	15625
14710	17720
14712	16423
14721	10990
14723	2710
14724	8032
14737	2335
14743	3903
14760	14539
14764	14662
14767	6897
14769	141
14770	11593
14771	18624
14778	9151
14801	13114
14816	64
14818	2010
14831	2280
14833	4414
14842	13908
14844	5410
14850	19173
14852	5381
14853	7273
14855	7890
14857	3443
14865	4765
14866	14896
14869	8881
14875	14878
14880	19527
14882	1548
14891	15511
14892	14620
14893	11065
14895	4218
14896	10845
14903	2147
14908	981
14918	19025
14921	6659
14922	14219
14924	5814
14928	11962
14929	6091
14935	15632
14936	18481
14937	4178
14944	5935
14950	1611
14953	14399
14956	6821
14969	4577
14976	4156
14979	1097
14980	6143
15003	17384
15008	5247
15016	14667
15023	17189
15025	275
15026	16899
15030	17066
15031	19264
15034	19175
15043	2582
15048	381
15054	17493
15058	18044
15070	1882
15078	1190
15079	5146
15099	15376
15103	9095
15105	14474
15107	100
15112	9594
15117	16994
15124	13298
15136	18215
15141	5184
15142	4988
15151	6251
15156	3722
15158	6448
15164	16266
15166	7272
15168	7676
15170	18865
15172	11592
15173	7513
15180	6426
15185	10640
15186	6644
15187	14872
15188	5460
15190	8257
15192	19253
15193	14566
15194	16632
15206	1523
15211	1991
15212	6346
15219	15473
15221	15363
15223	16619
15246	10882
15251	2711
15254	17095
15256	8719
15259	5031
15264	19890
15266	8427
15267	7640
15274	10627
15275	3015
15276	10469
15277	3834
15279	15062
15280	17928
15285	18050
15287	3186
15290	4316
15291	13059
15293	12131
15297	17747
15304	11402
15305	6397
15310	18776
15325	8912
15327	14431
15330	2161
15331	369
15342	6654
15347	19745
15353	10777
15359	18296
15360	19679
15363	17136
15364	10679
15367	13319
15373	18713
15377	2032
15381	10076
15389	16837
15391	19296
15395	10163
15400	17679
15404	2001
15411	2792
15412	14142
15420	15132
15421	6420
15422	1269
15427	9350
15435	19131
15441	1741
15443	10959
15445	821
15446	3909
15451	1002
15454	3365
15455	17709
15459	18612
15464	15163
15466	11143
15469	16069
15474	10409
15480	15819
15484	9718
15487	10899
15489	12597
15496	8076
15497	8560
15498	16073
15502	16549
15507	11782
15519	7258
15522	846
15523	18127
15528	4106
15530	5255
15532	6542
15533	1130
15539	13311
15540	19456
15543	2294
15546	11814
15551	2857
15552	4286
15554	6
15555	3063
15556	1484
15560	14914
15561	15862
15563	2839
15572	11179
15574	16898
15575	17392
15578	15869
15583	1513
15586	14038
15595	17285
15599	10144
15600	17820
15609	16133
15614	1829
15615	10243
15618	4327
15621	16253
15624	1545
15631	6010
15638	16074
15644	17873
15648	6524
15649	2921
15653	5807
15660	18156
15666	12786
15668	3760
15670	9658
15673	11333
15675	11530
15677	6917
15680	11831
15682	1496
15692	14427
15698	4730
15706	10281
15708	4227
15712	15229
15714	13013
15724	2314
15729	5747
15734	14210
15749	13735
15753	3209
15758	8470
15762	17968
15766	5602
15768	12344
15771	6484
15774	3717
15776	5579
15782	11658
15783	2818
15789	6761
15802	14760
15805	8269
15806	8869
15811	7285
15814	10570
15815	9864
15818	19564
15821	12035
15822	15336
15828	1679
15841	4087
15843	17245
15851	10362
15860	807
15861	14475
15865	7000
15870	13703
15872	15041
15882	16218
15887	19205
15888	4013
15891	6675
15900	13827
15903	13820
15905	11512
15906	14917
15907	1452
15911	3757
15914	2414
15915	990
15918	11803
15920	19711
15921	8742
15925	1945
15928	12920
15931	4025
15932	14773
15937	3016
15938	1914
15946	4607
15947	19814
15956	1668
15957	8401
15958	11506
15971	17858
15973	3809
15976	13767
15977	16947
15981	9175
15983	19523
15984	14680
15987	3417
15988	10029
15997	8684
16000	18254
16003	19909
16012	18659
16016	18092
16019	11772
16023	16300
16024	3335
16047	17882
16048	14704
16059	12972
16066	5607
16067	3801
16071	4463
16072	3275
16073	1722
16082	10562
16083	3119
16084	6860
16086	16990
16091	10146
16094	9073
16096	4649
16099	11884
16104	4356
16107	15886
16108	17660
16111	4955
16114	17303
16115	1836
16117	8261
16119	14408
16122	13484
16129	11737
16136	15940
16140	10195
16141	19538
16157	10274
16161	331
16162	12289
16165	8384
16167	1727
16181	600
16185	1682
16192	17894
16193	3849
16201	19051
16207	11579
16217	1059
16226	16036
16228	16112
16232	17470
16235	14555
16236	7457
16240	15910
16243	14051
16244	3570
16257	10599
16264	14744
16267	4562
16273	15239
16274	4019
16282	16116
16289	17135
16298	14028
16302	18448
16303	10523
16308	552
16316	5376
16317	5192
16320	9629
16321	13829
16322	8147
16324	5553
16325	10024
16334	19752
16335	214
16345	3218
16355	12297
16366	14190
16367	4614
16368	13995
16372	2850
16373	14836
16376	13477
16378	6782
16380	10711
16389	4843
16391	12272
16392	6114
16397	10212
16398	17105
16405	15879
16408	602
16412	11268
16414	11489
16418	8955
16420	10541
16423	12137
16432	745
16434	8513
16442	2998
16448	17818
16450	17165
16454	12782
16461	15560
16462	375
16464	1488
16471	15112
16473	7433
16474	4578
16481	5899
16490	13505
16492	10947
16495	11321
16503	878
16515	12309
16516	3502
16517	6271
16520	19697
16525	15911
16526	14272
16527	15290
16531	10405
16535	13922
16552	4390
16562	2361
16563	6715
16575	15439
16576	13337
16594	7790
16597	17841
16599	13486
16600	7731
16604	15254
16615	7143
16624	11742
16637	2685
16643	8790
16661	9911
16664	7544
16666	4204
16668	19142
16669	14679
16671	1294
16678	4539
16695	6051
16697	6912
16704	8728
16710	14649
16713	13775
16714	11095
16721	18918
16726	266
16730	14691
16747	13479
16755	837
16757	13990
16759	18879
16765	2594
16767	1182
16770	16782
16772	12391
16776	6282
16785	10406
16799	16031
16808	12046
16828	14174
16831	18072
16835	6390
16840	6702
16841	7504
16850	16491
16852	12209
16853	8950
16854	10682
16855	4769
16863	16955
16864	1197
16868	7677
16869	6187
16871	6131
16876	810
16878	15556
16883	11397
16884	931
16892	9978
16894	6174
16895	11361
16896	18716
16910	16129
16913	1340
16917	17704
16929	16892
16935	12433
16937	7998
16945	10968
16946	15664
16948	12483
16956	2004
16959	15624
16964	14407
16974	18275
16975	2869
16977	11973
16982	10761
16983	246
16988	3123
16994	3672
16997	1595
16999	9677
17000	13635
17004	13641
17005	15652
17010	14955
17011	18117
17018	4310
17021	9086
17035	8968
17036	19644
17038	19297
17044	2623
17045	1187
17049	18449
17052	16924
17053	12938
17057	14398
17069	537
17076	4169
17077	3868
17083	8181
17086	7057
17087	4459
17091	7699
17097	1839
17098	13813
17101	3977
17105	18151
17106	10701
17108	14608
17112	7276
17113	2863
17114	17235
17120	11634
17122	13913
17124	4707
17129	16176
17131	19299
17142	2346
17146	3867
17150	3249
17154	17757
17159	13313
17166	14807
17167	5846
17168	7600
17171	14146
17176	15248
17178	9789
17188	8740
17191	13441
17195	7450
17196	13903
17205	17025
17211	7131
17215	383
17218	6016
17219	17577
17220	17314
17225	15775
17227	13577
17234	7446
17238	15845
17240	69
17244	6617
17246	10363
17254	14159
17255	16673
17258	3184
17262	13279
17269	3327
17270	14188
17276	3232
17281	1205
17284	10345
17286	8788
17289	5736
17294	9765
17297	3584
17301	2442
17316	416
17321	5450
17325	15661
17327	2454
17331	13538
17337	16422
17338	6248
17340	6170
17341	9568
17346	13586
17348	5896
17354	9388
17355	8492
17358	12905
17362	15305
17368	7056
17370	5731
17377	795
17378	18711
17380	10396
17381	6692
17385	9701
17393	15129
17400	6868
17401	2247
17402	10314
17403	5004
17407	4033
17413	17353
17416	10334
17422	17406
17429	3851
17431	5127
17432	4221
17434	13257
17436	14615
17444	12230
17447	3667
17453	1396
17456	17726
17458	3034
17461	8835
17466	17158
17471	13092
17478	834
17482	16905
17488	8535
17492	5592
17498	2583
17499	5676
17500	361
17503	3675
17504	2822
17517	6988
17518	17843
17519	19722
17521	3913
17523	120
17532	18645
17534	10608
17539	19336
17541	862
17543	3926
17544	8958
17548	8205
17553	647
17558	19591
17560	5006
17562	6112
17567	14329
17574	11178
17578	7424
17579	19208
17580	18428
17581	11618
17587	2960
17589	10737
17594	17459
17600	5194
17601	14283
17602	11491
17604	19469
17606	14839
17613	14963
17615	14385
17618	5043
17619	17160
17625	11216
17626	3544
17636	6810
17648	6973
17650	7500
17652	19106
17664	17806
17668	195
17680	4504
17682	13302
17683	13436
17684	14730
17685	19832
17690	12449
17698	13704
17700	3130
17705	7254
17708	10983
17711	2702
17716	12285
17722	8610
17729	3461
17731	3718
17732	2643
17735	5717
17741	5364
17745	442
17751	12575
17758	17
17772	10302
17780	5054
17785	3235
17790	11594
17794	7556
17797	1328
17799	6086
17800	11135
17808	9269
17816	13769
17817	10299
17818	15644
17822	2383
17826	4567
17832	7885
17838	8390
17840	2904
17846	1973
17847	9930
17849	3019
17854	12616
17857	5078
17858	5563
17864	9606
17877	14237
17878	5808
17886	13855
17895	2122
17897	11747
17899	19118
17903	6197
17909	8406
17911	11806
17914	2476
17917	19771
17918	2290
17919	5622
17940	13100
17941	16416
17946	7927
17961	19156
17963	11847
17968	7597
17974	15232
17976	14282
17985	3185
17991	12541
17992	2029
17998	6838
18000	9209
18001	16771
18005	11206
18011	6537
18012	7977
18013	18947
18017	5321
18019	12271
18022	16081
18033	15309
18035	11556
18037	19317
18041	11514
18046	19677
18049	18825
18050	14280
18051	8170
18057	10416
18063	5464
18071	296
18075	1962
18079	15832
18080	17723
18086	6077
18092	360
18098	13866
18099	15197
18108	16018
18122	15603
18126	8211
18132	12362
18134	18614
18138	13405
18139	8635
18142	10870
18144	9390
18153	14833
18156	11715
18162	12144
18164	4680
18169	918
18171	15104
18185	17312
18191	276
18197	1660
18202	10859
18206	16973
18209	3562
18221	5457
18226	15008
18233	1095
18235	4871
18237	11888
18243	2299
18245	7081
18246	10812
18251	9107
18254	14663
18255	13057
18259	1161
18260	13684
18261	10991
18264	1986
18266	13020
18270	9633
18286	12489
18292	5735
18298	15665
18300	13714
18302	18601
18303	3953
18320	13001
18328	15994
18332	16162
18347	8399
18349	18678
18352	7119
18353	16956
18355	10197
18357	5830
18358	502
18363	13465
18372	5606
18378	12411
18379	14047
18388	13556
18389	16254
18392	16728
18397	6592
18403	19400
18404	1287
18419	8948
18420	16618
18421	80
18426	10115
18427	14021
18430	11482
18432	5867
18435	16028
18437	13503
18442	12184
18453	3259
18457	17758
18463	14880
18468	3854
18469	4431
18473	14166
18474	8188
18479	16337
18480	2273
18484	5791
18487	1184
18489	17947
18491	5626
18492	16635
18499	5020
18510	5360
18517	5650
18518	9109
18525	16033
18527	4801
18528	133
18532	18849
18534	14104
18537	3140
18549	4466
18550	3842
18558	7586
18560	6233
18563	17379
18568	7301
18570	7930
18573	1827
18591	14036
18593	2996
18600	17169
18602	10114
18603	875
18611	2110
18612	16015
18615	19499
18625	1194
18628	12720
18629	19324
18630	14063
18631	2159
18635	16400
18639	16942
18651	5233
18653	3310
18655	5171
18664	4573
18666	1541
18670	9191
18671	16492
18677	16354
18680	9814
18684	13951
18688	14093
18689	4291
18700	10427
18703	5938
18706	1571
18714	12281
18716	3213
18725	17295
18726	96
18727	14984
18745	13341
18749	10622
18757	10293
18764	11400
18766	5350
18767	6691
18771	2889
18772	12980
18773	9946
18775	12852
18781	18996
18782	2667
18793	9040
18798	14202
18800	8111
18805	6310
18806	4984
18818	16839
18820	13356
18821	11550
18822	19256
18826	8783
18835	17685
18838	8627
18858	4063
18862	15799
18881	358
18884	18376
18889	11461
18892	8005
18893	7697
18898	472
18902	19525
18908	19183
18909	9992
18924	7547
18926	1601
18929	17830
18933	2733
18939	19544
18940	5927
18945	12508
18947	18546
18975	7121
18977	15610
18984	13944
18987	9213
18991	11007
18995	11557
19006	19541
19008	3943
19010	18948
19013	11469
19017	17715
19018	5221
19024	15251
19033	19303
19036	2546
19037	9811
19038	12089
19044	3736
19045	1245
19046	856
19047	11102
19051	19773
19053	4667
19056	6545
19060	8063
19062	5737
19065	19612
19066	3878
19067	5454
19072	7006
19073	13838
19074	10048
19075	18580
19079	17064
19084	8985
19086	11685
19088	4650
19090	9310
19095	11664
19098	11622
19101	9942
19103	10104
19106	13792
19108	8043
19109	18532
19111	1515
19113	9522
19120	14413
19122	15930
19130	12846
19131	13014
19143	1831
19144	10546
19148	9324
19158	2724
19160	16078
19163	8014
19164	18977
19165	9461
19167	11052
19168	7289
19175	13335
19178	1850
19180	638
19182	14260
19183	17197
19196	5520
19197	1662
19198	14866
19201	19124
19207	16262
19209	16792
19219	12437
19221	1739
19227	5788
19228	740
19241	722
19243	124
19247	8792
19248	9728
19251	1073
19253	5884
19256	13084
19266	10586
19275	9548
19277	13142
19278	4832
19279	5050
19281	15633
19293	10875
19301	3525
19316	18743
19319	19915
19320	10854
19322	15783
19333	10837
19337	1264
19344	10996
19346	6961
19349	13729
19352	2359
19363	11016
19365	4298
19368	3260
19371	14692
19374	17480
19378	12925
19380	15729
19382	2021
19387	19593
19389	10757
19392	14390
19393	14255
19396	2118
19408	4055
19411	924
19415	5838
19416	4928
19417	18903
19419	13287
19425	16440
19426	14641
19428	12717
19432	5135
19434	7063
19445	9010
19448	5211
19449	1009
19459	1961
19462	6247
19465	9278
19468	18236
19473	3673
19475	16729
19476	12568
19477	6934
19480	11323
19481	6320
19491	18062
19494	3549
19498	372
19504	8235
19506	6867
19514	3685
19516	17575
19526	9014
19527	15506
19528	16578
19530	19312
19535	384
19536	2237
19537	18162
19540	18971
19549	19084
19551	1338
19561	11346
19570	5813
19573	15261
19580	387
19582	10723
19583	869
19586	14414
19592	146
19600	437
19603	4869
19605	4747
19606	14791
19610	5913
19613	16418
19614	1568
19616	19680
19617	4768
19624	7196
19629	3319
19633	4108
19634	11842
19635	10658
19639	14331
19640	17511
19644	2716
19654	4362
