10	2378
16	7275
25	436
29	10442
31	8062
33	870
38	16650
40	14728
46	8794
53	12468
64	8339
67	3772
71	13886
75	6721
78	17332
82	16347
96	4240
103	11472
107	14154
112	9853
113	15168
115	11708
116	16002
118	12423
124	12123
129	1147
132	19442
133	16825
138	17236
140	10265
144	7366
151	3528
153	19015
154	8595
160	1007
163	17913
164	14467
180	7728
182	10556
183	10866
189	14279
193	11438
198	7537
199	10197
223	10562
229	198
234	16275
246	3388
256	11857
259	9242
262	7162
266	10431
272	11855
273	3317
277	3677
278	4017
285	14558
288	12578
292	15359
293	6669
297	10968
299	12706
300	14104
301	12639
307	14545
308	10400
312	16481
313	8591
314	17604
316	6223
320	2921
335	6495
339	10306
341	19205
343	13575
347	16494
351	5604
356	4715
359	5178
362	7241
367	1662
368	5393
369	13186
372	14752
373	985
374	4494
377	2976
379	15802
381	18594
383	3553
391	5606
392	10654
394	16163
401	6377
403	1979
408	4647
412	15421
413	9167
415	2016
420	15068
429	16755
431	15617
433	8094
434	15126
435	4362
439	10474
440	7210
445	10386
450	8749
453	4178
465	15106
469	14657
477	10836
478	11616
482	8196
488	15963
492	6249
496	17616
500	7448
503	10796
505	1913
507	912
511	10264
524	12483
525	18522
527	7473
529	14288
530	13536
531	914
534	9353
535	13158
537	9316
541	14500
543	19466
544	475
545	16619
559	14306
560	2763
561	14057
562	10638
571	6349
573	13475
575	3606
576	10523
590	17009
591	9273
599	660
616	7520
617	4095
618	19067
619	3092
634	5844
635	3747
638	3807
640	15851
641	13204
643	1675
646	18027
649	11912
668	11181
672	9679
679	737
685	13372
687	18833
688	13813
690	7426
693	3302
698	18019
700	5768
701	6862
703	1002
705	10472
706	6105
707	886
716	2432
718	23
719	3690
721	11873
732	12550
740	17413
746	6561
751	1612
759	3638
761	15200
762	16708
770	18383
783	15493
791	15706
797	2727
811	4697
813	11284
822	4504
823	1224
824	13102
829	12097
835	3880
843	12836
845	1614
846	7054
847	8192
852	19065
853	8742
860	17533
864	18457
865	328
868	2373
877	3162
884	1900
889	15149
891	11124
893	15222
905	16562
908	7277
912	8332
919	7139
921	12773
922	4003
924	13701
937	15648
939	11976
951	1748
960	9770
965	8900
973	9004
976	8029
977	5570
981	4842
989	3044
990	17802
995	14078
999	3947
1000	17609
1009	347
1014	15600
1018	2567
1029	3764
1030	5271
1033	4092
1034	14934
1035	8928
1038	19092
1039	11454
1052	2027
1054	9689
1058	10393
1059	13665
1066	14842
1077	2257
1085	18313
1094	11514
1095	9187
1098	7822
1102	12276
1106	10510
1107	9205
1109	7977
1118	12174
1132	11464
1135	10830
1136	2428
1138	5192
1140	4171
1142	14272
1153	3120
1156	11470
1160	11801
1164	6635
1165	3312
1167	8934
1168	8449
1175	2463
1178	12427
1181	982
1182	1062
1194	14714
1195	11064
1196	8006
1211	2986
1217	11328
1222	11825
1227	312
1239	17424
1241	8265
1244	11931
1247	16741
1250	9349
1260	2272
1266	2760
1273	7679
1282	12067
1284	3394
1292	10023
1300	17116
1309	3770
1316	7522
1318	3486
1320	8904
1324	338
1326	3678
1333	308
1337	16269
1341	4241
1344	7050
1352	4177
1353	6342
1361	11228
1364	3082
1365	2648
1369	10799
1372	4777
1373	12993
1374	14329
1376	11123
1380	11831
1383	15898
1384	15591
1387	18669
1390	17000
1404	19319
1408	4668
1412	7292
1414	10044
1415	14224
1416	6801
1418	18835
1424	4306
1429	92
1430	1129
1433	17186
1435	11731
1446	16374
1450	9977
1451	17001
1453	7235
1460	7530
1463	1312
1466	1906
1468	17708
1472	2470
1476	16519
1478	8974
1481	14581
1482	19539
1496	17859
1504	17391
1506	1964
1509	4768
1511	5518
1523	2566
1524	7219
1532	16070
1545	6040
1546	8061
1554	2788
1558	9164
1561	511
1563	13969
1566	3672
1583	16563
1586	12246
1589	13149
1593	9851
1596	3890
1605	15290
1609	14521
1612	14864
1613	14153
1644	109
1645	13385
1647	9376
1655	3855
1658	11986
1661	8557
1672	17723
1675	16876
1682	15962
1686	13340
1695	11255
1705	5565
1716	4010
1718	9066
1734	18402
1736	9848
1742	16900
1752	13609
1753	12444
1756	13639
1758	8874
1759	5107
1761	10760
1763	899
1765	5011
1772	19451
1778	3719
1798	4946
1817	6434
1820	12553
1826	16107
1835	9089
1836	8377
1839	2122
1841	4114
1844	19247
1852	9843
1854	8415
1858	3888
1864	13911
1865	6694
1867	743
1875	3337
1882	17124
1885	14817
1895	7716
1899	11503
1904	1111
1905	15459
1908	4216
1913	6501
1934	5482
1939	6290
1940	14241
1950	14810
1956	17662
1959	16109
1960	8210
1970	3458
1973	19350
1977	5160
1982	12205
1984	10670
1987	5243
1988	1799
1996	18764
1997	7516
2003	1954
2005	12524
2014	2794
2019	2346
2023	4962
2034	17023
2035	12410
2038	15667
2039	9130
2040	11978
2044	14184
2048	7564
2056	6972
2058	13031
2059	14189
2067	12231
2071	6193
2073	10879
2088	9881
2092	7358
2108	2246
2112	10940
2113	11036
2117	12331
2125	6816
2133	1596
2135	18561
2138	9421
2141	9727
2145	6353
2148	2838
2150	11917
2156	9986
2161	10170
2172	19107
2175	7668
2182	3575
2183	9798
2185	19035
2191	17462
2194	16425
2195	3814
2199	15143
2201	8537
2205	8426
2207	8209
2210	19474
2213	18301
2220	14781
2221	11519
2223	7174
2224	10478
2230	12411
2232	8698
2236	18518
2239	8843
2245	12340
2247	18200
2250	132
2253	18684
2261	15140
2263	19255
2265	1492
2266	5082
2267	12789
2269	2777
2270	17897
2273	3514
2274	12589
2275	10704
2277	4577
2280	6477
2282	4579
2287	5112
2289	4204
2293	9351
2294	8190
2307	5320
2313	19542
2316	8078
2325	3080
2327	13338
2338	17547
2339	5010
2344	1071
2345	15720
2346	7271
2352	11964
2358	15061
2361	11959
2364	2287
2365	6382
2366	6667
2369	16171
2378	12186
2379	8381
2381	7511
2382	11671
2383	14733
2395	3196
2399	8545
2406	9352
2414	12900
2417	15128
2418	9592
2419	2987
2422	1149
2424	1896
2427	1915
2429	13184
2430	5927
2436	6130
2439	16194
2442	11336
2451	10617
2452	9754
2457	3760
2462	5827
2468	1679
2471	9105
2473	18391
2474	11930
2476	2034
2478	10108
2494	11787
2503	1511
2505	18350
2508	4336
2513	8731
2516	15586
2527	6917
2532	18107
2534	15123
2536	1198
2550	3410
2571	1764
2573	18061
2582	8407
2587	10235
2598	15111
2599	7157
2604	11101
2606	10847
2613	18661
2617	16847
2635	11858
2639	15129
2644	687
2647	8495
2651	188
2655	12336
2656	7961
2666	22
2669	15861
2672	19351
2686	15088
2690	9194
2694	17930
2700	9219
2704	16496
2706	4885
2715	7896
2718	9553
2723	18757
2727	5897
2728	13429
2731	3669
2739	7749
2745	15892
2746	9651
2747	3144
2753	304
2755	16652
2759	13388
2761	6688
2762	4032
2763	5562
2766	7330
2768	14902
2772	4410
2775	37
2778	12587
2779	18961
2780	4385
2791	8093
2792	608
2796	2457
2797	19397
2802	1691
2803	3210
2809	7641
2817	7845
2818	19480
2825	3373
2826	19194
2827	7743
2833	19236
2839	11205
2842	18605
2844	7608
2848	17280
2854	15824
2855	402
2859	14411
2867	1836
2876	11600
2878	9377
2880	14725
2882	11114
2884	14575
2887	4340
2889	15271
2891	1828
2894	5417
2914	545
2916	15927
2922	18527
2923	2930
2927	17955
2930	3066
2933	18080
2944	3170
2950	12070
2954	9971
2957	6677
2961	5592
2962	3736
2966	1770
2971	18550
2973	14064
2977	2144
2979	3779
2984	19168
2985	17474
2986	4934
2992	6451
2996	13915
2999	16558
3004	4013
3006	14669
3010	16996
3011	3970
3014	3475
3017	5172
3019	4753
3025	8387
3027	18333
3028	4610
3038	3
3039	5452
3040	10650
3041	2484
3047	12357
3052	2262
3068	8030
3070	16047
3072	11322
3075	4047
3076	2073
3078	7047
3082	15
3086	16642
3087	2278
3088	11856
3092	3546
3096	2922
3101	18901
3102	10948
3107	16653
3108	9704
3111	14687
3116	3397
3118	18092
3119	4001
3123	11154
3129	17504
3133	17591
3139	17166
3140	16499
3145	10607
3146	14117
3151	13953
3152	16444
3153	14299
3154	17995
3155	13336
3163	19112
3164	14345
3167	13579
3170	15430
3178	7966
3180	14643
3182	10131
3183	4667
3184	7137
3186	13967
3187	8986
3191	5642
3193	5451
3201	12407
3207	9675
3210	9667
3211	16909
3215	10295
3219	7531
3225	18773
3230	11076
3239	17613
3240	18548
3242	3613
3243	5623
3248	17705
3259	10941
3260	18696
3263	19295
3268	6317
3269	4624
3270	8018
3277	15057
3280	10568
3281	19458
3285	7509
3286	14649
3293	9335
3294	5388
3300	3572
3302	1352
3307	14529
3324	14875
3326	15307
3327	16530
3331	4742
3342	13348
3343	1723
3346	9239
3353	1027
3354	18790
3355	8471
3363	8951
3365	19357
3366	8021
3370	19250
3376	18436
3382	3992
3390	16339
3409	12739
3411	16456
3414	11397
3415	12012
3425	3446
3431	14105
3433	8792
3437	7891
3444	14106
3446	7376
3454	9232
3460	19030
3466	19150
3470	12904
3471	14915
3472	4119
3478	5374
3480	3131
3496	6148
3499	10341
3503	8012
3505	13865
3506	7359
3507	13142
3509	9061
3511	15886
3512	13917
3515	6327
3516	6762
3518	1207
3520	18277
3525	17623
3529	12090
3530	11320
3542	4830
3553	1221
3556	6359
3570	12487
3576	10234
3580	7164
3591	755
3592	11763
3601	19388
3602	9226
3605	18459
3606	4892
3614	19262
3623	6492
3627	1901
3637	5551
3644	7362
3648	18405
3649	9712
3655	2820
3656	8515
3657	5517
3664	11168
3673	2549
3679	14309
3682	18340
3689	18241
3693	2650
3696	219
3698	15728
3702	18969
3703	3877
3710	15732
3719	614
3720	15738
3722	14400
3723	11226
3732	6168
3735	7150
3737	16826
3738	6257
3740	10137
3745	5365
3750	4207
3754	10256
3771	13114
3775	19161
3785	10050
3791	10860
3793	287
3795	376
3798	16009
3799	1314
3814	4544
3816	2032
3819	9283
3821	11193
3823	1535
3826	17386
3833	13949
3840	6511
3852	3790
3854	9126
3859	3494
3860	3242
3861	7861
3864	7194
3867	15798
3873	14231
3875	16605
3877	1826
3879	829
3881	17815
3883	9786
3884	16644
3893	4338
3894	3430
3908	16630
3912	6860
3914	6548
3919	16907
3922	6797
3923	12428
3927	9475
3937	4699
3938	12692
3945	8762
3950	7517
3956	10222
3957	16794
3960	2019
3964	4251
3970	7213
3972	14226
3978	16203
3980	841
3991	1812
3992	11265
4000	6298
4008	448
4013	18256
4017	4619
4021	16541
4032	13178
4034	13390
4035	15439
4041	12545
4046	1203
4056	3596
4058	7112
4060	14730
4067	11575
4073	16452
4088	18571
4089	15315
4091	11670
4105	17241
4109	15659
4112	17189
4118	2771
4129	13470
4133	17435
4134	17404
4138	10633
4140	13294
4142	17594
4144	2447
4150	9311
4151	16792
4155	10572
4157	5376
4158	12328
4162	17334
4169	12969
4173	5483
4174	13642
4175	14286
4176	13590
4177	14783
4184	6296
4196	17430
4205	13721
4209	16853
4213	8277
4214	12764
4230	9229
4239	17570
4242	15686
4243	16026
4245	6799
4247	18752
4249	2473
4258	10965
4263	1542
4264	2161
4266	13771
4267	2077
4273	12731
4276	14632
4277	15366
4279	11118
4283	11353
4285	14077
4288	6812
4291	16542
4301	8490
4309	17027
4321	5757
4324	16569
4328	19481
4331	6044
4332	11172
4333	13780
4335	15646
4337	18479
4346	424
4350	1131
4356	12647
4357	14797
4360	3547
4368	17444
4372	3713
4373	6906
4374	350
4376	2420
4380	17684
4390	10557
4409	13268
4414	17218
4418	4250
4431	14010
4432	12281
4439	11307
4441	17395
4442	13757
4444	16250
4447	11529
4453	12515
4457	852
4461	18010
4469	16978
4471	7851
4472	10258
4475	15269
4479	13999
4480	3203
4481	15442
4485	10779
4494	15724
4496	17021
4506	6939
4508	12854
4517	8015
4529	6229
4531	6025
4534	1126
4536	15373
4540	6504
4545	10033
4546	15173
4548	137
4549	8597
4560	18750
4564	10471
4572	19004
4584	11158
4590	5566
4595	5771
4600	15157
4605	16378
4610	4791
4611	13138
4614	13669
4616	19394
4620	5985
4623	2112
4628	6586
4630	2511
4636	2155
4642	987
4643	7927
4654	4571
4662	3692
4663	9793
4681	18776
4685	13224
4686	15775
4687	5331
4690	7444
4695	17712
4697	18656
4698	17190
4704	9303
4706	8400
4707	15510
4708	226
4712	7729
4713	1417
4714	18382
4716	17733
4718	16851
4721	15397
4725	14389
4729	7035
4731	15391
4735	10095
4737	8624
4742	13684
4743	16105
4745	6999
4749	13155
4768	19190
4771	8431
4773	2126
4776	16870
4780	639
4781	18066
4783	7790
4786	16082
4794	2692
4806	5298
4812	7968
4817	15226
4824	18299
4826	6430
4830	18804
4835	19023
4838	1446
4841	2198
4843	1685
4844	5555
4848	9122
4852	12526
4855	11316
4857	12236
4861	7553
4866	5424
4872	235
4873	8110
4885	15400
4890	13617
4894	16973
4897	3500
4899	7664
4900	10971
4901	2223
4903	11704
4904	2879
4906	11777
4912	7926
4915	15695
4919	18105
4920	2220
4927	17112
4938	16952
4939	1932
4944	15746
4948	9777
4953	13867
4957	7547
4964	7499
4966	30
4968	12956
4970	3834
4971	17038
4985	17043
4986	17834
4988	10327
4991	13313
4993	4602
4994	11439
4999	14808
5000	1544
5003	815
5009	15608
5014	1484
5022	6368
5025	2164
5030	2141
5050	11478
5051	4472
5059	2139
5073	15914
5074	16571
5075	9115
5081	10840
5084	13622
5085	4670
5100	3075
5101	10552
5110	13154
5114	1281
5119	417
5123	2082
5143	11085
5145	296
5149	3052
5151	18706
5156	8610
5168	17156
5180	17582
5182	14654
5188	9585
5192	2876
5197	17074
5206	14324
5216	16346
5219	9112
5220	10936
5221	17320
5223	15018
5225	6446
5226	19393
5228	12860
5231	15846
5232	16813
5234	19253
5240	3636
5241	13560
5253	863
5268	4873
5271	16155
5273	16833
5275	1250
5282	6916
5284	4779
5286	539
5293	8811
5294	6899
5296	17960
5297	17364
5299	2530
5305	4062
5309	14670
5317	17285
5322	969
5323	9119
5327	12652
5331	4082
5332	2307
5346	1073
5349	17409
5352	759
5362	13443
5364	16753
5377	14099
5385	9827
5389	266
5394	2556
5396	19271
5405	13960
5407	13453
5413	14991
5421	707
5423	16384
5424	12710
5440	9252
5459	11444
5461	3902
5467	18171
5468	4532
5469	17561
5470	10457
5480	11985
5483	6091
5486	322
5487	3267
5488	17398
5489	16450
5492	1881
5509	16001
5510	6476
5511	3534
5517	8512
5518	18582
5520	168
5521	10112
5525	17319
5529	6976
5533	4078
5536	10553
5540	476
5544	2843
5557	9387
5561	731
5566	6093
5572	7995
5573	16661
5575	1345
5576	15716
5579	14845
5587	1654
5589	19293
5591	12808
5593	3059
5595	14935
5599	14979
5601	16046
5606	8966
5609	11204
5623	6967
5624	14142
5626	6766
5627	7018
5628	16373
5629	10185
5632	499
5633	355
5643	14122
5644	9427
5646	7767
5648	18082
5654	9358
5658	1339
5669	18724
5671	206
5672	15573
5677	16593
5680	5997
5681	6447
5686	18236
5692	9456
5695	14494
5697	6090
5706	12314
5710	10912
5713	2140
5714	16885
5715	15888
5719	76
5720	12132
5721	9854
5722	7552
5723	17709
5734	13275
5735	9582
5738	18308
5739	5153
5740	2501
5747	13868
5750	9671
5758	10323
5762	10180
5763	11996
5769	230
5798	17592
5804	17786
5805	415
5809	8553
5816	452
5820	7982
5833	3258
5851	8376
5860	17235
5866	15077
5875	15035
5880	15166
5881	3462
5883	2354
5892	8828
5894	17933
5896	8629
5898	7915
5900	1635
5909	18734
5915	1624
5918	11044
5925	1945
5927	5912
5928	18430
5930	6525
5936	3907
5940	12693
5944	10371
5956	5567
5957	17063
5961	3643
5962	3138
5964	15293
5965	7994
5968	18432
5970	12951
5971	11637
5972	13794
5975	5954
5982	19331
5983	19374
5987	14945
5992	13086
5994	86
5997	2263
6000	11148
6003	1375
6018	16089
6019	16596
6021	10491
6030	4107
6031	11133
6034	3569
6035	1490
6037	7769
6038	9016
6040	9779
6046	15884
6047	6745
6048	7841
6051	2752
6063	2332
6065	19362
6066	12602
6068	13167
6069	14970
6072	14537
6074	8089
6075	1516
6080	4223
6091	6233
6096	6838
6104	8773
6125	17347
6126	16351
6127	3033
6129	525
6131	3345
6147	2853
6151	16292
6152	18593
6172	1933
6173	13478
6174	7299
6176	5413
6191	13495
6213	17625
6218	17925
6225	5044
6227	7717
6239	10913
6240	7147
6242	18860
6247	11287
6248	4090
6254	16149
6255	12295
6256	12433
6257	12057
6261	10492
6263	17886
6264	19142
6266	10285
6282	7789
6293	13573
6295	14706
6296	16279
6297	6710
6303	1304
6304	8516
6306	17131
6307	5470
6311	15957
6313	12601
6314	6987
6315	1683
6318	15618
6320	4016
6321	9092
6323	6614
6324	18354
6326	18059
6336	18623
6340	14208
6346	3091
6349	1512
6352	6334
6363	14066
6370	17629
6371	15904
6372	17583
6377	8551
6384	2406
6388	17874
6391	6824
6398	2329
6400	4242
6401	9891
6406	18319
6414	5939
6416	8108
6426	15535
6427	16785
6433	10284
6436	16027
6440	8307
6442	3905
6445	5637
6447	4381
6466	6731
6472	1857
6480	13070
6483	11152
6486	10097
6495	9909
6503	6911
6515	17849
6521	10196
6523	14771
6525	2936
6535	16869
6536	1844
6538	14785
6539	6632
6551	16614
6562	12597
6566	90
6574	10165
6582	19368
6585	10272
6587	4895
6588	15484
6592	5453
6599	15672
6600	2694
6602	18276
6605	6218
6607	17271
6608	6896
6614	17542
6617	11029
6623	12522
6625	5481
6626	17140
6636	14629
6638	5488
6645	3911
6647	13025
6664	19378
6668	8607
6670	17468
6679	8167
6681	13843
6688	2886
6689	9741
6692	2000
6694	4509
6697	17926
6713	18109
6722	7571
6724	6505
6728	11083
6731	11341
6732	17057
6733	5466
6734	9362
6750	1024
6757	2245
6759	3541
6762	9154
6764	7954
6774	12095
6779	5714
6780	14896
6785	4617
6790	3408
6796	11144
6797	12983
6802	11002
6805	10147
6808	17672
6809	8294
6825	1391
6829	6028
6839	11750
6846	6673
6850	13537
6854	7199
6863	8039
6864	1120
6875	11782
6881	6310
6882	12404
6883	11781
6884	4563
6885	14049
6889	10378
6890	7726
6892	16782
6895	1808
6898	6300
6899	11791
6900	2152
6901	9394
6906	10714
6911	5770
6912	3974
6914	14559
6923	11828
6924	8161
6927	9449
6928	2130
6929	4421
6930	8253
6933	4627
6934	17668
6940	5568
6948	11299
6949	4153
6952	393
6954	2961
6958	6795
6964	13414
6971	8344
6973	17410
6975	6514
6977	12389
6979	15840
6990	16747
6994	13806
7002	15049
7003	6363
7005	1470
7011	16751
7017	11270
7018	18317
7025	13389
7048	3495
7057	18637
7060	10747
7064	12309
7070	16051
7072	11295
7081	14264
7083	14554
7086	6341
7092	17620
7095	9926
7098	1029
7102	8546
7109	19185
7113	2809
7115	16818
7117	9028
7130	11972
7133	14222
7135	5514
7137	9733
7140	11185
7141	13662
7149	6693
7155	15863
7160	6686
7163	16743
7164	2399
7165	7631
7172	9494
7173	803
7184	2488
7187	11378
7188	3287
7192	1489
7200	9523
7208	5407
7214	2240
7221	6017
7229	5047
7232	269
7233	10986
7238	704
7243	9159
7244	11904
7246	11025
7247	18006
7253	18687
7255	12168
7260	14248
7264	73
7265	14937
7268	13973
7273	18852
7275	7661
7276	1792
7278	6892
7280	10450
7298	18139
7301	202
7304	1473
7307	17997
7312	15941
7314	8335
7319	10343
7320	18806
7323	461
7343	12479
7356	12787
7369	7278
7376	4971
7379	17532
7380	14284
7383	3954
7385	121
7387	15250
7399	15217
7407	13925
7419	2313
7424	5506
7432	19526
7442	15192
7449	7085
7451	6228
7454	19014
7455	18050
7457	10684
7459	6205
7463	15402
7469	3322
7485	18839
7486	18997
7490	1435
7493	8301
7503	14178
7509	7973
7511	17679
7515	509
7518	4298
7527	10268
7528	12134
7542	19373
7548	9747
7551	11883
7560	12107
7561	15858
7564	12035
7567	17432
7570	15325
7575	6800
7577	16414
7605	16830
7608	12567
7623	11412
7632	16022
7636	13278
7638	12197
7643	18291
7649	18100
7655	14717
7660	3477
7664	10855
7665	5686
7666	5806
7678	18071
7682	9627
7685	14042
7700	3367
7713	945
7723	9248
7724	1864
7728	670
7732	386
7737	5632
7740	522
7742	5697
7745	11216
7746	11796
7747	8887
7748	2621
7750	547
7753	8486
7754	15557
7755	4388
7771	17554
7773	5968
7774	18543
7776	7535
7778	17389
7782	580
7785	13027
7790	4732
7791	5596
7795	7131
7800	15040
7801	16977
7804	13826
7806	15752
7809	10724
7812	2744
7819	13496
7823	1053
7829	9332
7831	3746
7836	12350
7839	5036
7841	12178
7843	11635
7847	11062
7850	15130
7857	1326
7861	18660
7862	12845
7863	18117
7864	2889
7865	2558
7866	2734
7872	12849
7873	12356
7874	14603
7875	6665
7881	9124
7888	11512
7889	9583
7893	8897
7895	13993
7901	9217
7904	18258
7907	8735
7908	873
7912	14857
7913	4492
7916	627
7919	12861
7924	19509
7927	5795
7928	2523
7931	5802
7932	6589
7933	3400
7940	8162
7941	14816
7948	12396
7959	3483
7965	16924
7968	19260
7969	2013
7970	3465
7973	10172
7978	8560
7982	10980
7984	3951
7987	11793
7988	16516
7991	5469
7995	16044
8000	1538
8004	16490
8008	17093
8012	9721
8014	218
8018	16159
8023	11017
8033	13287
8036	12569
8039	19226
8040	2349
8045	10666
8049	1861
8050	10373
8051	6391
8054	6844
8055	8465
8056	1503
8057	9370
8060	4785
8065	5769
8074	4848
8077	11571
8098	13524
8101	4206
8102	3189
8104	18394
8106	9535
8114	2200
8115	18373
8119	9517
8120	15929
8122	8657
8123	1642
8124	16210
8129	7757
8132	10205
8133	10914
8136	4894
8138	11194
8143	4307
8154	7443
8156	11186
8158	18305
8160	12690
8161	19471
8164	13540
8167	381
8172	7603
8177	5350
8181	952
8184	14203
8186	17787
8191	11641
8203	10226
8204	16340
8207	18222
8211	8452
8214	8083
8215	6295
8218	13452
8231	7824
8245	14368
8248	229
8253	1279
8254	9001
8262	14304
8263	6880
8268	17441
8269	14016
8276	19390
8279	17860
8280	3536
8282	12327
8289	7626
8291	9950
8293	531
8295	15076
8296	18981
8298	8384
8299	6254
8300	245
8301	5288
8304	310
8306	16430
8309	11760
8311	8141
8329	5316
8332	11089
8337	9966
8340	11404
8347	16856
8349	4111
8352	10812
8355	2118
8357	17505
8358	6977
8364	13518
8365	11479
8372	15012
8375	330
8381	9630
8382	1496
8384	4234
8397	18328
8398	1891
8400	17084
8404	6384
8407	2858
8410	10239
8416	6204
8417	17169
8427	5501
8430	13681
8441	16486
8446	2325
8450	19355
8455	6197
8467	8880
8471	1424
8473	12642
8474	4335
8477	2588
8478	9317
8484	12604
8489	6735
8493	9227
8498	14209
8501	7528
8503	18121
8504	4156
8505	6893
8508	3707
8511	4751
8514	5652
8520	6009
8523	14612
8527	889
8533	6265
8538	16908
8539	3163
8540	7255
8541	15396
8543	12676
8544	4429
8558	16095
8559	646
8561	19345
8563	16096
8565	578
8566	10219
8572	8085
8574	3230
8575	15234
8578	2417
8583	19069
8588	7923
8596	18213
8602	2740
8606	571
8610	12162
8615	6681
8626	19131
8628	9235
8629	2184
8632	13428
8641	8506
8643	9564
8649	7033
8653	9539
8657	19467
8658	18468
8665	2850
8666	13150
8667	13095
8669	12869
8678	18193
8686	10893
8688	4945
8693	9121
8697	19123
8698	8854
8700	11425
8704	1076
8705	7224
8709	18999
8711	9279
8713	7198
8715	4914
8716	13717
8718	15413
8719	18881
8723	18230
8724	8667
8729	5622
8736	18330
8746	17725
8756	19437
8757	1591
8758	11001
8759	19130
8765	9876
8774	7258
8776	6684
8779	10883
8780	14611
8789	12733
8793	3142
8794	17805
8796	4083
8813	19082
8814	412
8815	5689
8816	16804
8818	2569
8824	5211
8826	16018
8830	1715
8839	16262
8841	11134
8842	8606
8845	14132
8848	5242
8850	15856
8856	6626
8857	9855
8858	3874
8859	1611
8863	7506
8869	4476
8892	6726
8893	5403
8896	17653
8899	14765
8907	12853
8909	15443
8913	16852
8916	13555
8927	14186
8934	13137
8939	6522
8943	3663
8945	6997
8952	13111
8953	16938
8960	18983
8961	7481
8962	17654
8964	9363
8965	2099
8966	1575
8970	6618
8972	1303
8979	3002
8985	18141
8986	9618
8988	17814
8994	6419
9001	13980
9003	6963
9004	3793
9008	15786
9015	17573
9016	4267
9017	10973
9027	17066
9029	10943
9031	15919
9033	2176
9040	4760
9042	8890
9046	18736
9050	18671
9052	3288
9060	16618
9061	906
9063	9639
9065	11468
9068	10448
9069	6690
9080	13431
9082	17657
9084	18707
9089	9962
9090	11736
9093	6153
9100	13706
9112	11150
9116	6581
9117	15509
9120	6018
9121	13595
9123	16566
9126	17847
9128	9726
9130	662
9135	13509
9141	12
9142	10208
9143	17249
9146	6923
9153	13961
9157	3211
9158	6929
9164	11960
9178	11012
9184	9280
9191	6061
9197	5591
9199	3268
9200	19546
9202	4378
9204	4612
9207	14364
9212	17539
9213	16663
9224	9597
9225	17118
9226	7614
9227	16582
9228	17601
9236	19322
9242	1374
9248	15159
9260	14043
9261	14332
9269	6323
9273	10728
9281	9090
9283	10985
9292	14416
9296	8501
9303	7952
9309	4747
9311	5067
9320	3758
9321	15726
9324	2570
9328	18052
9329	17100
9334	18685
9338	4859
9343	8625
9344	17921
9345	7758
9351	18001
9354	17778
9358	15974
9360	7736
9362	19314
9382	16540
9384	2536
9386	6931
9388	5457
9390	637
9393	9908
9394	10489
9404	18101
9406	10967
9409	2362
9417	4179
9421	14223
9423	18541
9428	2422
9429	15151
9437	17854
9438	6809
9441	7928
9456	13200
9463	19241
9464	5999
9467	11032
9479	5796
9488	7878
9493	13048
9497	18466
9505	16557
9514	19479
9515	17224
9519	14713
9525	9829
9529	9797
9531	8098
9532	18358
9535	3015
9537	11277
9539	8954
9543	6433
9544	3419
9554	10696
9555	9842
9560	11595
9567	15287
9572	576
9576	13144
9578	18570
9580	12139
9587	17637
9591	2150
9594	16092
9596	5828
9597	13570
9600	7515
9607	5556
9608	5810
9616	107
9622	3377
9623	5995
9625	8279
9628	11919
9630	6887
9640	10867
9652	11666
9658	892
9666	11634
9679	13110
9688	11836
9689	6460
9692	4786
9695	9905
9707	17103
9711	8708
9712	10706
9719	809
9721	14499
9731	18604
9732	6033
9734	5857
9736	6508
9739	12005
9741	6122
9747	4875
9754	14595
9755	3739
9757	5307
9758	7009
9761	9366
9765	4008
9767	8275
9770	6740
9778	18595
9782	15603
9788	9230
9790	4904
9791	5244
9798	8178
9799	17615
9802	2108
9816	12406
9820	8738
9821	806
9833	16843
9835	8017
9840	11549
9844	11096
9847	6702
9854	16355
9857	8305
9858	13879
9862	13485
9864	3318
9867	9613
9869	11552
9870	14406
9873	6225
9874	9259
9881	17071
9885	10507
9890	14253
9897	19483
9901	3460
9902	14180
9908	12434
9909	4232
9923	3931
9926	3365
9942	10634
9943	19305
9958	552
9963	15744
9965	3472
9966	7622
9968	11053
9971	10882
9972	11646
9980	12303
9984	15620
9989	16032
9990	16616
9995	11375
10005	8058
10008	17727
10011	7895
10012	11408
10013	18188
10014	16815
10018	14045
10022	15543
10026	1987
10032	5185
10033	14949
10040	17800
10051	17460
10052	3276
10055	14723
10058	10648
10060	16645
10061	7222
10069	2471
10072	1886
10081	3717
10084	18658
10085	14683
10088	10074
10089	7690
10091	2506
10092	10086
10098	4991
10104	5404
10110	2729
10111	16822
10112	15905
10119	11840
10121	5255
10125	18909
10134	18058
10138	13207
10140	13937
10152	7945
10161	93
10162	3406
10165	17746
10166	733
10167	16184
10174	563
10176	74
10183	2299
10190	7829
10203	8333
10212	4408
10215	3737
10216	632
10220	6553
10221	16121
10222	12747
10224	7599
10229	4503
10232	17206
10235	6312
10236	8411
10244	7575
10246	18654
10249	373
10252	10279
10265	1091
10267	1030
10271	10775
10273	11962
10275	11562
10281	19525
10284	13803
10285	12302
10299	7314
10310	565
10313	4961
10314	13760
10323	1444
10327	992
10330	16997
10337	14744
10340	15628
10344	3461
10352	5525
10355	7419
10358	12775
10368	12548
10389	4852
10390	7118
10392	4880
10393	7924
10394	18127
10399	19337
10400	6541
10401	15185
10402	227
10403	8479
10410	1199
10414	13546
10417	3930
10425	467
10430	7602
10433	17769
10441	6252
10443	6099
10447	9963
10454	2609
10456	5701
10457	14322
10458	6885
10462	14647
10465	4744
10468	8374
10471	4208
10472	117
10482	8950
10486	370
10498	8721
10502	12906
10505	127
10507	17696
10509	16744
10514	15531
10522	10769
10523	17563
10528	12877
10534	13547
10538	17402
10540	15595
10541	2496
10543	285
10544	7011
10555	18964
10556	11538
10558	17381
10559	5712
10565	12595
10567	9209
10571	13126
10574	10216
10578	9958
10589	4733
10591	17284
10597	13698
10599	3657
10600	9571
10601	489
10602	2538
10603	11361
10604	2973
10607	5513
10608	15275
10614	5338
10625	5869
10626	10357
10628	12096
10633	12456
10635	11625
10637	18525
10639	2226
10645	16113
10647	8817
10650	16227
10654	9602
10656	17330
10659	13459
10663	16033
10666	4314
10667	18830
10673	8526
10675	13910
10677	4196
10680	9134
10684	14631
10695	7245
10696	3824
10701	15416
10702	7437
10711	15496
10713	4918
10718	5291
10719	11274
10722	13091
10729	19540
10733	14982
10738	8358
10740	11799
10741	11585
10744	4027
10750	2224
10753	19222
10754	9267
10757	225
10763	13003
10780	5772
10784	11078
10785	19465
10790	7246
10791	193
10792	3187
10796	4930
10797	19473
10801	12996
10802	11727
10805	816
10833	1479
10834	14490
10840	17367
10841	4910
10843	14100
10851	13789
10853	6661
10855	17831
10863	6274
10864	990
10878	7591
10879	14212
10893	4484
10904	7646
10906	2946
10909	11712
10910	18641
10912	15350
10928	19171
10929	16332
10930	2347
10938	2336
10947	15566
10948	14376
10949	11113
10950	14903
10951	11227
10954	18392
10956	9814
10959	19352
10961	5710
10966	14259
10969	12175
10972	11608
10980	4246
10982	15668
10986	955
10988	18292
10990	19085
10992	6076
10994	18902
10997	1931
11004	2996
11010	18102
11013	5454
11014	18746
11020	16401
11025	735
11027	2239
11031	1300
11036	17199
11038	6383
11040	3894
11042	9326
11043	13113
11045	2965
11053	17775
11055	7472
11060	1397
11062	18770
11067	7076
11071	2046
11076	4439
11077	3755
11084	3349
11085	19447
11087	5441
11092	1810
11105	15062
11113	8482
11115	13614
11116	16125
11118	18751
11120	16173
11123	11513
11127	16842
11129	13392
11132	19044
11133	8379
11139	7305
11154	10827
11159	15503
11161	6482
11163	3370
11165	10434
11166	10878
11186	2960
11192	11649
11198	10592
11206	2627
11216	8990
11217	17495
11218	18442
11222	6084
11226	9696
11231	4470
11235	19001
11236	8554
11239	12007
11245	16636
11247	7976
11255	13342
11263	17749
11275	19054
11276	7090
11289	2143
11290	17559
11291	13565
11297	17571
11299	18714
11300	1033
11307	10691
11311	14682
11316	13021
11320	8590
11325	15550
11326	13647
11342	13541
11344	16889
11351	18788
11352	3565
11353	16760
11354	1196
11355	7193
11365	3540
11370	13767
11371	16921
11372	11526
11385	9414
11387	1851
11389	14156
11395	4471
11401	10236
11402	14962
11403	14053
11406	6965
11408	18433
11422	15461
11423	17421
11426	15079
11430	12463
11433	14684
11437	1163
11438	13892
11444	3299
11448	1477
11452	4287
11455	182
11457	5395
11463	1721
11485	15497
11497	8352
11499	8254
11507	14506
11508	15368
11515	5269
11520	5943
11530	18530
11535	8813
11540	11735
11565	6053
11566	8678
11567	1909
11568	6421
11571	2616
11576	3062
11577	16366
11583	16243
11585	9703
11586	16396
11595	3862
11597	19412
11610	17244
11613	10711
11618	10734
11625	10599
11626	4802
11647	13037
11660	8640
11664	18326
11666	2815
11669	18868
11670	15005
11671	17030
11681	6224
11683	12753
11685	3608
11689	16958
11691	7546
11694	6639
11700	2475
11710	19279
11713	9538
11717	17476
11719	12362
11720	13332
11722	19375
11725	7132
11727	11337
11728	4629
11741	18551
11744	8054
11745	15361
11746	16612
11748	18143
11749	2557
11756	6811
11757	10160
11758	13846
11766	16251
11769	18646
11789	12294
11792	11189
11798	7818
11804	6299
11810	50
11815	1153
11816	17691
11817	4705
11825	3750
11836	5569
11839	2978
11842	13053
11844	17638
11850	12703
11852	3691
11855	18344
11857	1978
11859	3184
11862	9676
11865	11647
11878	19278
11884	3436
11893	784
11902	17407
11905	2803
11909	9723
11910	8208
11914	4652
11921	13978
11922	14421
11924	2174
11930	8485
11937	8222
11939	3527
11940	2111
11942	14560
11944	15273
11947	11580
11949	4713
11951	8436
11957	8337
11961	2498
11966	9572
11970	11418
11988	7312
11993	3292
11997	14151
12000	17060
12007	500
12010	17758
12011	18931
12015	9342
12018	10394
12020	10705
12022	6176
12024	17286
12027	11999
12032	18458
12040	9108
12043	14311
12045	2597
12052	18428
12063	13782
12068	12740
12074	1142
12084	581
12088	797
12090	2944
12093	1286
12099	1547
12101	2700
12105	12721
12109	6195
12123	11504
12125	5955
12127	8548
12139	5099
12144	1631
12149	18356
12152	4554
12155	5994
12156	10678
12157	7455
12158	18832
12162	11980
12168	12412
12174	16779
12175	15831
12180	12946
12186	11663
12187	1865
12193	18787
12204	3580
12206	15968
12207	6160
12212	10894
12214	3914
12219	14338
12225	6583
12229	18944
12231	8217
12236	12256
12243	3245
12244	4406
12249	15403
12251	2197
12256	12557
12260	3980
12267	3899
12275	18077
12276	8733
12277	1970
12281	8824
12288	10503
12301	10763
12302	16199
12304	8469
12309	5894
12312	3634
12313	11636
12317	559
12324	16270
12325	15774
12326	16777
12332	2818
12334	2368
12335	8172
12336	12961
12337	5496
12338	12892
12339	8634
12340	13812
12344	16345
12346	282
12347	17627
12348	19382
12356	13221
12357	4796
12358	16845
12363	15264
12365	9224
12369	12665
12390	19523
12401	1627
12402	7438
12408	2714
12411	12466
12421	7584
12426	437
12430	16588
12433	3493
12434	710
12443	16689
12446	16953
12450	7648
12452	11797
12453	15320
12455	1905
12460	1636
12464	288
12492	16715
12493	7675
12495	17752
12499	1965
12520	18896
12533	12922
12535	18199
12537	13955
12540	10289
12541	6705
12544	10007
12545	16827
12548	3402
12557	6545
12558	5957
12563	11268
12564	18825
12566	14059
12569	9549
12570	11613
12574	18927
12575	18618
12586	12889
12593	3372
12600	9683
12601	14331
12603	17150
12614	1036
12617	11956
12622	989
12623	7283
12629	7918
12631	15295
12633	9590
12639	697
12647	2185
12653	17376
12661	4031
12664	18279
12670	16088
12674	15636
12675	10676
12686	10677
12688	6146
12689	3225
12690	7202
12692	543
12696	2242
12701	15602
12705	1813
12706	14716
12707	864
12712	4411
12713	11385
12715	950
12717	16629
12724	1194
12726	15152
12729	14531
12731	12076
12747	7964
12751	18693
12752	3582
12756	16380
12763	11191
12771	6722
12773	15240
12774	5846
12775	15579
12778	9457
12783	19216
12784	17003
12785	16968
12789	2953
12790	9620
12793	7111
12804	18704
12805	4691
12810	4363
12812	13741
12819	13817
12829	14021
12835	4646
12837	13307
12842	4443
12850	11544
12852	16281
12856	8748
12861	7365
12873	9828
12874	5683
12879	9145
12885	2637
12890	2377
12893	7013
12903	16258
12904	6169
12905	8353
12909	17272
12912	10139
12913	1089
12914	12995
12918	6262
12923	12439
12925	13871
12929	3811
12935	15392
12937	18708
12941	5442
12950	18167
12952	1457
12954	14897
12964	7804
12967	149
12971	12381
12976	6957
12981	7935
12987	10723
12990	18718
12992	4502
12994	12870
13004	10250
13007	4025
13009	4980
13012	10041
13013	17478
13014	16446
13029	1167
13032	4213
13033	16458
13034	1139
13035	9343
13039	11276
13041	857
13044	3607
13064	6206
13067	1072
13068	13709
13070	1702
13075	9354
13076	61
13080	12265
13084	10608
13087	13718
13094	18038
13102	4350
13111	3586
13114	6175
13115	13494
13122	2289
13123	16147
13134	4019
13138	5329
13143	9053
13145	5056
13146	14481
13155	17161
13161	2502
13167	4076
13174	7710
13179	776
13183	5932
13188	9123
13193	11565
13197	19494
13199	15879
13200	14835
13201	10925
13203	7397
13207	9364
13209	1099
13213	504
13214	12151
13221	18434
13222	14718
13223	6163
13224	6836
13226	16213
13228	3004
13231	4696
13232	8266
13237	63
13240	10927
13242	4798
13243	17076
13245	988
13251	11683
13254	1831
13258	13258
13261	2611
13267	19183
13273	7800
13278	5766
13280	12656
13284	12803
13286	3190
13288	8119
13293	6858
13298	367
13304	6311
13305	10789
13311	9499
13322	11737
13324	17126
13327	14302
13329	10977
13330	13918
13334	4448
13336	4412
13340	5360
13346	19167
13351	8563
13353	14547
13354	16942
13355	15873
13357	18384
13358	8933
13359	18158
13362	154
13364	7105
13369	15637
13371	1921
13378	7618
13382	15172
13384	10870
13388	740
13395	5868
13400	13469
13404	4460
13408	1485
13417	564
13419	15435
13431	7886
13432	10396
13434	7709
13435	1643
13450	1321
13451	14465
13452	1132
13459	1188
13460	6863
13462	18284
13463	13272
13464	7145
13465	6685
13466	16104
13467	2137
13494	3909
13496	17168
13502	669
13508	10802
13510	12347
13517	15629
13518	15885
13519	13229
13523	14483
13531	12320
13536	17840
13544	5170
13547	2326
13552	11531
13565	13703
13574	1293
13576	6670
13587	274
13589	14873
13592	11392
13595	13436
13597	18197
13600	10683
13601	3893
13606	11214
13608	14173
13613	3042
13614	12754
13616	11833
13631	3882
13632	16839
13637	2928
13645	14779
13652	9518
13654	2275
13659	19561
13669	17061
13670	3836
13671	11920
13672	8109
13681	4414
13686	10514
13697	17694
13700	10526
13703	14932
13709	3631
13712	14221
13714	1307
13722	17868
13727	15837
13730	8662
13739	5086
13745	1231
13746	8280
13749	5729
13756	5267
13758	16925
13762	4281
13765	10136
13769	6588
13772	12532
13773	6960
13774	17176
13775	14320
13781	9874
13784	10052
13795	2892
13796	7948
13804	7821
13811	7445
13816	14257
13817	3618
13820	1433
13822	14606
13825	13787
13831	15859
13834	11225
13838	4818
13842	6533
13843	7760
13847	980
13857	4782
13861	13194
13865	1133
13870	12827
13874	18938
13875	5250
13880	10275
13883	16868
13884	10804
13887	18473
13890	18223
13896	14925
13898	5208
13902	6964
13909	2832
13915	19416
13917	18926
13918	17213
13919	10084
13923	457
13925	9071
13926	2786
13932	10002
13936	8309
13937	2389
13940	1722
13955	17872
13956	17325
13962	3409
13963	8124
13981	4403
13986	17735
13987	3778
13993	680
13995	18920
14001	3873
14003	12011
14007	18858
14010	6471
14012	9545
14022	4850
14026	18932
14035	16954
14037	3783
14047	15118
14049	88
14051	5055
14053	9474
14056	5367
14062	19017
14065	605
14068	11682
14074	927
14078	2087
14080	7056
14085	887
14088	3513
14090	5937
14092	3550
14094	8446
14098	942
14100	5041
14102	17194
14103	16506
14107	6789
14109	2564
14113	10681
14115	8649
14116	8494
14119	14535
14122	18565
14125	12523
14126	15572
14127	9204
14135	5074
14137	9095
14140	8158
14141	4430
14144	18460
14145	13020
14169	2401
14170	17102
14193	17889
14200	10585
14201	1144
14213	5782
14217	1755
14219	15301
14223	6032
14225	1718
14228	1672
14232	17117
14237	12847
14238	19210
14252	7463
14262	2265
14264	15518
14266	16122
14271	14721
14275	15091
14287	6894
14289	6120
14291	19404
14293	5068
14298	4587
14299	11645
14302	9944
14303	14124
14304	2211
14306	6754
14313	4947
14314	9413
14315	5512
14316	4108
14325	5627
14330	13675
14331	4679
14336	6056
14341	11271
14345	19427
14348	16116
14351	13770
14353	17437
14354	4820
14358	521
14360	2679
14366	19398
14367	10192
14373	5753
14374	2865
14375	5646
14383	10479
14400	1759
14411	13694
14412	8589
14414	17978
14415	314
14431	17910
14435	1247
14441	19117
14442	15233
14447	17480
14456	2102
14466	15854
14467	7677
14470	18097
14479	1999
14492	9392
14493	8168
14495	778
14500	7488
14502	16823
14505	3509
14508	18021
14509	6576
14513	7876
14515	1677
14521	9762
14525	15569
14541	1973
14542	4630
14547	17663
14549	17037
14560	5392
14566	18246
14567	14129
14568	10522
14572	3077
14575	10498
14577	16531
14582	195
14583	13050
14584	9947
14587	15447
14593	9065
14598	4376
14599	5800
14601	3577
14603	19321
14613	11213
14615	11117
14626	13820
14641	14644
14645	4191
14647	3103
14653	1017
14657	18510
14660	3542
14661	17173
14665	16474
14668	1480
14672	15719
14673	13883
14684	5885
14695	5951
14701	10753
14703	3037
14710	16861
14713	16917
14725	15261
14728	14699
14739	10354
14748	5171
14754	8915
14756	8767
14765	4190
14783	9128
14785	8877
14789	9974
14790	6103
14798	7413
14799	9433
14805	10058
14812	11167
14818	14793
14820	9428
14822	2690
14823	5399
14824	9924
14832	19202
14835	9029
14836	12558
14837	3181
14840	2592
14842	18755
14844	2839
14845	15641
14863	6941
14864	12923
14868	1474
14871	19348
14872	17899
14881	13613
14886	14024
14888	17273
14890	8964
14902	843
14908	14539
14914	10811
14918	5009
14919	1258
14926	4923
14928	7357
14929	17907
14930	8992
14936	1744
14937	14278
14938	12028
14947	18005
14948	9393
14953	7965
14955	14729
14957	3447
14959	16831
14963	16901
14965	13383
14967	13891
14968	11105
14974	4539
14975	17902
14981	18376
14985	17887
14987	13412
14988	739
14989	1502
14990	16748
14991	10832
15002	3630
15013	6131
15025	19475
15029	13965
15031	19514
15033	7554
15035	10446
15036	17374
15039	9116
15047	717
15049	5842
15056	15278
15060	13837
15062	17720
15065	7058
15066	17346
15069	9806
15073	6308
15074	15694
15084	6654
15088	7418
15089	10647
15094	6704
15099	7384
15100	5853
15102	14756
15114	6996
15123	1846
15124	3753
15134	1877
15136	1951
15140	7630
15146	1087
15148	17219
15150	6266
15153	2705
15154	13695
15155	18930
15162	6498
15163	7913
15176	2563
15178	13920
15192	4254
15195	4682
15196	16144
15197	1546
15198	13054
15200	9161
15204	8636
15206	15124
15210	12287
15211	13004
15217	5693
15225	16093
15230	616
15232	2539
15238	4609
15246	1571
15248	11432
15259	14112
15262	5062
15263	4093
15267	5773
15269	12414
15270	3869
15281	14489
15282	17377
15286	15208
15288	9623
15301	596
15303	15506
15305	621
15320	12030
15330	4921
15338	10480
15340	5529
15347	4813
15350	3115
15355	532
15359	15050
15361	3122
15363	1156
15378	17417
15379	5341
15385	7872
15392	2173
15401	311
15406	14387
15407	14137
15412	3455
15415	9471
15422	15289
15423	18185
15426	12065
15427	5522
15433	3584
15434	12732
15438	7711
15440	8390
15445	4374
15450	4434
15461	15796
15462	17254
15463	16254
15467	6280
15472	3993
15474	17937
15475	2482
15476	2995
15477	18923
15486	9210
15487	10254
15489	12699
15491	4678
15498	8696
15499	11778
15503	6332
15505	8278
15509	12063
15513	8028
15516	14853
15531	11865
15539	16559
15542	6950
15545	18908
15553	16719
15555	13683
15567	449
15574	4483
15577	1220
15580	19264
15583	6337
15584	7542
15585	6736
15586	4821
15607	6172
15613	18615
15616	11880
15619	215
15622	11095
15623	1998
15625	19245
15631	5038
15641	18270
15642	2348
15645	12229
15650	10628
15651	7991
15652	615
15656	3427
15664	7074
15666	1137
15685	11034
15691	2899
15695	5765
15703	11525
15705	18668
15707	15917
15713	7493
15720	14026
15728	9200
15731	2721
15736	800
15739	9180
15743	6555
15747	15163
15748	11768
15754	13744
15756	14976
15757	5477
15760	1447
15769	1620
15772	14394
15779	7914
15780	15701
15782	1042
15787	3081
15788	1765
15792	7550
15793	1924
15794	11232
15797	16377
15800	819
15802	9023
15814	5377
15815	1698
15816	3036
15831	18431
15851	10781
15856	3159
15858	16308
15863	1819
15864	8872
15875	15456
15876	11003
15878	12109
15883	11548
15889	7217
15894	2012
15901	8527
15906	16468
15917	4117
15918	10992
15920	1835
15926	13245
15929	15698
15932	2678
15934	348
15942	6420
15946	4290
15950	15788
15962	12473
15966	15809
15970	7189
15973	12040
15975	18976
15978	10529
15982	4694
15985	7596
15988	8476
15989	12902
15990	10376
15998	14220
16001	14357
16006	18767
16009	2816
16010	13734
16014	10589
16017	9892
16020	9318
16024	9720
16030	16017
16032	14068
16037	3271
16040	13415
16048	14281
16052	995
16059	3654
16062	2306
16063	19184
16064	16698
16067	5989
16069	7544
16081	16050
16083	17779
16089	14871
16092	2779
16095	7386
16099	15001
16111	13763
16114	18346
16120	14283
16130	17263
16137	7583
16152	18302
16153	18670
16155	5023
16156	4037
16157	8571
16161	15474
16165	6535
16166	4116
16178	18569
16179	10120
16182	11719
16183	14398
16189	18914
16190	11023
16191	6428
16192	16821
16199	19490
16207	19317
16212	9799
16214	15028
16216	7462
16221	6463
16223	13964
16226	6113
16227	19266
16231	17360
16236	13845
16237	7369
16242	3327
16245	18329
16246	13929
16250	8564
16253	1556
16263	6119
16267	1871
16268	8716
16272	18855
16275	2187
16276	8249
16289	5286
16290	6268
16292	14427
16293	8059
16296	10549
16297	11620
16301	8769
16302	12087
16303	3029
16307	8929
16310	3038
16311	359
16314	12039
16315	3220
16317	18409
16319	508
16322	10793
16323	2063
16333	7430
16341	12189
16345	1604
16347	13567
16350	16234
16353	3795
16368	11038
16369	4400
16375	8474
16382	2383
16386	8799
16388	1439
16390	15390
16392	16931
16393	5058
16395	6644
16396	16360
16399	15304
16409	19084
16412	110
16414	5597
16418	6658
16424	18925
16427	10017
16428	11658
16431	8643
16437	3651
16451	13068
16453	18413
16457	12056
16459	6563
16461	16211
16463	13002
16464	14735
16467	460
16474	8155
16475	14102
16478	16313
16481	5106
16484	13523
16488	19254
16492	1731
16494	999
16495	8605
16502	5851
16510	14098
16513	1598
16519	15212
16523	3640
16524	3786
16529	5188
16531	12586
16541	4805
16545	1577
16549	16181
16552	18108
16553	630
16556	1166
16558	14579
16560	3266
16576	6982
16577	6000
16579	8453
16580	7225
16588	19175
16592	3910
16593	7593
16595	1527
16599	1605
16602	18048
16603	18060
16605	10435
16606	14772
16608	17881
16617	11817
16622	11667
16625	16981
16630	19568
16632	3959
16633	8289
16635	14624
16636	9983
16641	10154
16642	13291
16643	6822
16648	11653
16657	3813
16660	13513
16661	19267
16663	11979
16668	5909
16673	5274
16674	13172
16679	6566
16682	13107
16692	12321
16705	10899
16706	19422
16707	8443
16708	1186
16711	10872
16718	15852
16720	4776
16723	11258
16729	12262
16730	2860
16735	14764
16746	8324
16748	11433
16757	14238
16760	17664
16761	12451
16762	7839
16767	16111
16768	7061
16769	16265
16772	9435
16773	1063
16774	9341
16779	3393
16788	758
16791	16787
16798	16632
16803	5581
16806	1135
16809	8451
16810	3937
16815	14565
16816	16324
16821	15436
16822	16875
16840	17670
16842	9774
16849	2639
16862	8980
16863	17321
16871	4673
16872	4451
16877	13827
16878	4284
16879	3967
16883	6672
16891	16988
16893	2079
16900	12300
16909	13725
16912	18639
16918	12211
16920	10307
16921	7459
16922	11714
16927	2947
16930	12092
16931	8242
16943	3561
16944	5405
16950	1348
16952	16235
16953	10857
16958	9531
16960	11619
16962	5369
16963	2320
16971	479
16974	6526
16976	9151
16991	6903
16992	716
16995	16242
16999	11304
17000	3771
17001	493
17006	1327
17007	1504
17010	13956
17011	267
17012	10451
17017	14415
17023	7276
17031	2276
17035	18812
17036	7870
17045	5398
17046	1010
17049	19265
17052	13181
17057	3955
17061	1226
17066	16264
17080	4940
17085	7563
17087	17433
17093	12354
17096	9327
17099	498
17100	15004
17104	17522
17108	14732
17111	19147
17117	7454
17118	665
17140	16455
17142	12120
17151	2412
17153	6523
17155	8188
17164	19512
17171	17306
17172	10166
17174	18635
17180	2712
17185	12379
17190	17936
17192	16466
17193	9293
17195	18047
17197	2541
17201	14651
17203	3313
17211	13739
17225	17329
17233	14371
17236	933
17237	8187
17240	10245
17250	8860
17255	12128
17258	16508
17265	8756
17266	14348
17267	15000
17271	5938
17272	18539
17273	9763
17275	8165
17284	11569
17285	15251
17286	568
17289	14276
17293	8747
17294	4944
17295	16526
17314	10304
17319	18352
17321	5813
17326	17005
17331	8074
17334	9149
17340	6365
17342	11903
17345	11563
17346	11860
17350	16515
17351	641
17357	7394
17368	4367
17373	3482
17375	15548
17380	3767
17386	17008
17395	2682
17396	10156
17397	17842
17407	18073
17409	16501
17411	5130
17430	14386
17441	9011
17442	2066
17447	17048
17450	9661
17462	3376
17467	4389
17473	8200
17475	18534
17480	488
17483	3054
17496	16153
17499	16200
17509	4293
17512	7662
17514	18575
17535	13396
17541	485
17543	15647
17545	6042
17550	1678
17553	1727
17557	6994
17558	2872
17566	17812
17567	8857
17574	998
17575	9038
17576	11532
17579	12804
17588	10877
17593	5838
17598	6161
17600	4866
17608	3058
17617	8186
17622	12899
17630	9177
17632	17411
17640	8317
17641	8408
17660	7184
17661	9000
17664	18816
17668	9767
17675	2256
17676	16479
17679	10922
17681	623
17684	17146
17689	1899
17699	1438
17701	6617
17709	2194
17711	12480
17714	4094
17718	3723
17719	16633
17723	2386
17727	18157
17731	4725
17736	18580
17742	14161
17744	10459
17747	1122
17748	13368
17751	817
17752	16068
17760	14992
17762	6529
17764	7220
17768	16651
17781	16570
17783	12390
17784	2938
17791	9997
17793	1976
17797	16491
17799	10223
17803	13420
17808	5196
17811	872
17814	10083
17822	2881
17830	3139
17836	3743
17838	11713
17843	17353
17844	17172
17853	5233
17855	7067
17862	16484
17867	1098
17873	4112
17876	3126
17877	8594
17880	16205
17882	7453
17883	17068
17899	17811
17900	19037
17901	6026
17902	12021
17903	16572
17915	3016
17929	3076
17930	4201
17931	1498
17932	16692
17935	11465
17946	9147
17949	2182
17951	19328
17964	17200
17966	16495
17970	10520
17972	1251
17973	11458
17981	6423
17983	1499
17987	1876
17990	17724
17996	14148
17998	19036
18001	17210
18003	7556
18008	1883
18013	6513
18018	8822
18021	6318
18026	5154
18027	7055
18029	10128
18036	13979
18042	13201
18046	4797
18050	10524
18054	8271
18057	4562
18063	275
18064	13930
18065	6118
18067	9555
18076	10368
18078	19141
18080	15864
18083	6170
18092	423
18093	7449
18095	11915
18108	4829
18112	10574
18114	18042
18119	9485
18124	12312
18126	10308
18129	5311
18135	6990
18137	6551
18141	17819
18142	16963
18149	9480
18154	17924
18156	900
18157	15221
18160	17914
18165	13333
18166	769
18169	2435
18171	16534
18173	12534
18176	1256
18180	13234
18186	19550
18190	17764
18195	16799
18198	11073
18199	18355
18206	10835
18207	698
18209	10021
18214	11977
18221	7097
18226	2893
18229	7609
18234	3125
18237	8050
18238	14984
18242	14659
18247	15326
18250	5616
18251	16245
18254	16849
18258	16277
18259	19219
18269	10917
18277	17196
18283	8692
18287	7338
18289	18584
18291	796
18293	11515
18298	15683
18303	8321
18309	13856
18311	13819
18324	10103
18330	7611
18331	9925
18336	10246
18349	10339
18354	12632
18359	12583
18360	14073
18361	9284
18362	1475
18372	17019
18374	10199
18378	12555
18379	9425
18380	12089
18388	1452
18390	11809
18396	9262
18397	1778
18400	11690
18406	4344
18412	17016
18415	3435
18416	2861
18428	6106
18440	18628
18447	1991
18449	11180
18451	15144
18463	8118
18470	5459
18473	3026
18474	14277
18477	16659
18480	17900
18486	17794
18491	10123
18492	19552
18498	18511
18501	19553
18509	3250
18510	8013
18511	994
18521	8891
18528	10118
18530	2252
18531	8137
18539	9107
18543	12530
18544	15662
18546	13217
18548	688
18550	9138
18551	10330
18553	17837
18557	12243
18569	12285
18575	11294
18579	17144
18582	11832
18584	6022
18587	14590
18589	17695
18591	7902
18601	9665
18613	10583
18618	11754
18623	7639
18627	11376
18634	9802
18635	19301
18638	4816
18640	1074
18641	17297
18645	11937
18647	13800
18650	16012
18654	16003
18655	5544
18658	16668
18661	8604
18664	12814
18675	14972
18677	18441
18678	15438
18680	14009
18681	5941
18682	6110
18686	16728
18687	10092
18690	17175
18691	2916
18692	6687
18700	728
18705	1589
18706	2792
18710	18907
18712	18446
18713	2849
18716	11155
18717	10881
18719	11497
18720	964
18726	15611
18728	983
18729	18866
18737	3350
18744	12830
18745	16301
18757	6764
18763	10038
18779	8666
18784	15938
18793	11746
18795	349
18797	13397
18799	1341
18800	16056
18801	16237
18806	1956
18808	1014
18813	18184
18819	9190
18822	8751
18824	17293
18829	4767
18834	2890
18841	8985
18844	12091
18858	5272
18869	4529
18870	13227
18876	420
18879	5978
18882	4939
18886	9367
18890	18374
18894	18444
18909	16631
18913	14965
18915	2445
18916	1407
18917	3987
18919	10674
18920	551
18921	14999
18924	8585
18929	8960
18930	19019
18932	14198
18933	12110
18935	11847
18938	16525
18941	8953
18943	5903
18945	6389
18946	12574
18949	7144
18950	13176
18955	8393
18957	14101
18959	7483
18960	2416
18966	18095
18971	9575
18980	6651
18990	14828
18997	1804
19006	8175
19010	13674
19012	11218
19020	3364
19022	119
19036	5221
19045	13889
19056	7741
19057	17703
19066	13738
19069	15887
19070	10716
19072	2142
19073	10869
19074	6830
19075	9512
19077	17528
19080	12009
19093	16654
19094	7020
19096	8296
19097	17806
19098	4395
19099	8417
19108	602
19109	15452
19111	17212
19133	6944
19134	16388
19135	11357
19137	7797
19141	9904
19146	6725
19154	14641
19157	3168
19169	17274
19174	2931
19184	7273
19185	17777
19188	9302
19191	1361
19193	2423
19201	13676
19208	17104
19213	4656
19228	2854
19229	10620
19239	4285
19245	8244
19250	3844
19253	3769
19257	14088
19261	13610
19268	7747
19272	7908
19274	14894
19276	8261
19281	16927
19289	17322
19292	12888
19315	4689
19322	12958
19323	11577
19324	9286
19326	7828
19327	9690
19332	157
19333	13042
19350	9658
19353	16099
19359	123
19361	19173
19362	767
19374	18697
19379	1948
19386	1761
19387	17682
